1  48
5  48
16  69
20  26
27  10
30  29
38  28
39  29
40  20
44  24
45  10
49  20
97  152
116  150
129  24
132  32
136  108
140  28
159  88
165  19
166  30
175  204
176  6
177  14
178  16
179  19
181  60
183  89
189  132
190  26
192  88
195  26
197  33
215  152
216  24
223  28
230  55
233  72
240  71
242  9
243  20
245  14
249  79
273  308
277  10
278  65
279  30
290  176
291  20
295  10
296  22
300  44
302  47
303  120
305  41
334  38
338  73
352  38
354  109
356  41
357  20
358  10
360  78
361  425
362  13
363  20
369  42
370  36
374  34
375  10
377  41
383  55
388  186
414  103
416  35
440  89
442  121
443  57
457  308
458  26
464  34
477  105
478  62
480  124
482  10
486  85
487  64
491  29
493  29
495  72
499  34
501  14
505  76
515  111
554  370
555  17
575  35
577  30
582  22
643  286
644  30
645  33
646  50
647  17
652  130
653  20
654  30
655  52
666  204
674  78
678  11
679  31
680  10
702  166
703  62
720  120
724  36
726  33
727  47
733  27
735  13
739  72
740  16
741  25
742  18
743  10
744  13
747  46
751  46
753  122
754  11
760  33
764  86
768  57
769  10
773  44
777  122
793  31
794  14
805  111
806  39
818  104
823  72
832  34
859  59
880  204
888  55
893  41
894  8
895  34
896  79
897  20
924  184
928  10
931  86
932  10
934  40
942  111
955  111
962  58
965  48
969  66
976  148
977  10
981  16
1003  91
1008  37
1021  80
1025  173
1026  27
1027  43
1035  188
1036  56
1037  24
1048  86
1049  23
1052  46
1053  54
1078  105
1099  147
1101  34
1110  44
1116  97
1118  101
1121  92
1126  48
1127  10
1132  20
1141  30
1147  74
1149  55
1163  113
1165  20
1166  21
1171  77
1174  111
1176  46
1182  38
1185  81
1186  10
1188  10
1189  11
1191  39
1195  57
1196  34
1197  21
1198  31
1202  30
1203  10
1227  203
1268  181
1270  23
1283  68
1292  85
1293  10
1299  80
1301  93
1306  164
1337  81
1338  11
1344  58
1347  25
1441  225
1444  55
1481  238
1484  13
1488  23
1511  164
1512  33
1514  69
1539  192
1552  51
1555  33
1559  84
1562  25
1563  30
1570  7
1579  52
1581  25
1590  139
1592  13
1593  34
1594  24
1597  23
1598  38
1613  119
1616  281
1620  18
1622  50
1627  88
1628  38
1629  40
1630  12
1631  44
1638  19
1653  175
1657  40
1660  53
1673  167
1691  74
1693  69
1695  74
1696  15
1724  306
1737  82
1743  24
1747  85
1748  20
1765  173
1767  48
1768  28
1769  10
1770  10
1778  94
1779  64
1783  56
1785  68
1789  27
1792  92
1827  275
1829  119
1846  72
1847  20
1849  36
1851  28
1854  49
1856  20
1931  275
1932  6
1937  64
1973  35
1974  23
1985  10
2009  109
2010  86
2013  32
2016  17
2022  176
2038  91
2044  38
2061  74
2070  38
2074  44
2075  41
2076  10
2079  60
2088  23
2101  128
2108  107
2110  102
2111  16
2117  21
2121  27
2123  63
2124  48
2125  20
2127  31
2128  22
2168  162
2169  34
2170  10
2172  56
2177  242
2194  105
2198  70
2254  108
2255  10
2270  105
2272  16
2285  81
2287  31
2317  344
2318  40
2327  66
2328  66
2332  30
2336  31
2337  22
2339  9
2342  55
2343  55
2371  268
2372  22
2375  88
2377  84
2394  188
2410  172
2411  24
2416  175
2424  76
2432  47
2433  29
2442  90
2454  54
2457  59
2459  68
2461  20
2465  16
2469  47
2470  50
2472  26
2508  191
2511  61
2512  47
2514  6
2516  31
2517  10
2518  79
2525  48
2536  48
2537  55
2555  101
2557  88
2558  52
2560  44
2600  129
2602  103
2619  126
2658  235
2659  10
2662  20
2665  13
2670  67
2678  29
2679  50
2680  50
2689  71
2690  30
2693  22
2695  34
2698  179
2701  41
2702  22
2704  27
2705  99
2711  10
2714  17
2716  13
2717  19
2729  61
2735  6
2737  21
2754  72
2758  16
2762  15
2763  27
2765  113
2784  116
2790  30
2794  123
2795  22
2799  82
2829  56
2834  72
2842  16
2869  151
2872  11
2882  161
2883  29
2885  10
2891  67
2893  55
2895  25
2934  188
2939  42
2940  13
2943  60
2945  32
2948  70
2964  123
2965  20
2995  83
3000  26
3011  85
3012  7
3015  37
3029  94
3033  23
3035  21
3037  28
3038  37
3046  47
3050  93
3051  16
3088  275
3091  58
3093  39
3094  70
3097  32
3098  26
3102  17
3106  102
3125  111
3127  124
3142  65
3150  88
3175  176
3176  24
3183  30
3188  147
3189  15
3190  33
3191  39
3192  10
3193  50
3195  49
3196  19
3200  125
3202  29
3203  20
3224  78
3228  56
3233  72
3234  64
3249  130
3250  24
3266  54
3268  67
3306  325
3313  9
3315  40
3342  206
3348  86
3352  23
3359  68
3360  25
3361  10
3363  10
3373  91
3378  26
3423  184
3424  47
3430  19
3437  34
3440  24
3465  313
3466  8
3469  31
3470  105
3479  128
3480  76
3481  10
3487  10
3492  49
3498  26
3500  34
3504  68
3511  93
3520  65
3542  105
3543  31
3545  58
3572  238
3579  11
3581  6
3582  31
3624  188
3625  35
3630  20
3637  75
3682  152
3686  55
3737  370
3750  7
3752  25
3753  36
3754  29
3757  23
3761  20
3765  78
3766  27
3767  234
3769  58
3773  51
3776  38
3780  32
3781  37
3782  8
3788  112
3826  273
3827  12
3832  51
3833  29
3841  40
3873  152
3890  157
3892  77
3893  58
3904  30
3905  56
3906  26
3916  56
3920  65
3921  14
3922  82
3923  31
3925  78
3926  27
3928  21
3930  13
3934  50
3937  17
3965  180
3966  20
3969  59
3975  105
3982  184
3983  17
3984  54
3989  33
3991  58
3992  10
4014  111
4070  209
4071  25
4074  50
4075  15
4080  60
4082  37
4083  8
4085  20
4086  37
4087  230
4104  119
4106  79
4107  10
4111  38
4113  8
4114  62
4127  154
4128  9
4132  39
4134  56
4137  52
4141  73
4142  55
4143  19
4144  10
4158  111
4186  79
4189  38
4194  142
4223  195
4241  94
4244  31
4247  16
4248  45
4255  33
4284  111
4303  98
4305  79
4306  31
4308  15
4312  102
4313  10
4318  62
4336  121
4344  38
4354  134
4355  36
4387  218
4389  281
4394  190
4400  22
4404  50
4405  23
4406  10
4436  164
4446  87
4447  25
4450  93
4459  28
4462  121
4463  25
4465  20
4476  19
4477  12
4478  37
4483  28
4503  313
4521  313
4526  108
4528  57
4533  120
4535  117
4536  36
4543  47
4550  89
4553  49
4554  94
4561  66
4621  306
4623  26
4632  138
4651  45
4652  52
4654  36
4660  85
4661  58
4674  120
4682  49
4683  12
4685  23
4690  80
4692  40
4700  88
4701  18
4704  53
4707  72
4712  26
4719  99
4723  47
4726  33
4727  47
4763  175
4770  47
4771  16
4776  47
4783  63
4784  22
4793  83
4794  43
4795  16
4798  20
4808  37
4825  111
4842  26
4866  131
4867  51
4869  10
4871  103
4872  29
4877  80
4878  39
4885  34
4886  20
4889  39
4890  49
4892  82
4894  72
4895  23
4896  16
4898  32
4903  39
4906  19
4911  26
4912  6
4914  24
4918  16
4920  50
4921  21
4944  194
4959  73
4960  33
4965  164
4966  40
4967  30
4976  74
4979  19
4981  13
4983  281
4984  32
4985  10
4988  101
4997  109
4999  139
5029  260
5033  97
5063  260
5064  39
5065  71
5066  13
5138  370
5141  10
5156  99
5187  370
5201  99
5263  306
5264  19
5277  166
5278  8
5303  160
5304  11
5338  130
5339  425
5342  16
5343  75
5344  10
5346  30
5349  96
5357  110
5379  306
5380  48
5384  10
5390  68
5392  15
5399  128
5421  265
5423  56
5424  30
5426  58
5433  30
5436  41
5439  13
5443  57
5450  89
5451  107
5452  34
5461  98
5471  130
5472  48
5477  103
5479  18
5482  140
5486  58
5487  39
5491  89
5492  18
5494  10
5497  62
5498  19
5500  17
5501  59
5510  187
5511  32
5544  218
5545  63
5546  47
5554  154
5556  49
5557  10
5559  46
5566  47
5567  38
5569  18
5581  180
5583  23
5591  48
5597  72
5601  10
5603  20
5649  238
5657  39
5659  94
5660  253
5665  68
5702  286
5709  42
5745  184
5746  25
5748  10
5764  153
5765  30
5776  107
5778  61
5779  80
5799  131
5800  148
5806  66
5808  28
5811  30
5814  66
5816  19
5823  99
5828  22
5829  84
5830  16
5831  30
5833  74
5858  50
5866  27
5870  29
5873  96
5888  74
5890  10
5898  10
5901  65
5904  10
5905  23
5914  44
5919  60
5925  175
5927  30
5928  31
5942  80
5944  10
5964  166
5965  10
5968  16
5970  28
5975  16
5976  14
5981  18
5982  10
5983  39
5997  132
5999  89
6041  191
6043  10
6044  10
6046  12
6047  17
6055  425
6065  48
6078  36
6084  36
6087  36
6088  46
6089  30
6090  61
6091  28
6142  313
6151  68
6153  20
6154  34
6156  107
6161  24
6168  31
6169  31
6170  10
6172  48
6181  44
6182  18
6183  20
6184  21
6185  38
6201  49
6203  30
6210  188
6218  56
6219  47
6222  58
6223  27
6224  22
6225  18
6227  76
6229  40
6240  86
6251  81
6254  425
6266  101
6284  98
6285  10
6287  108
6302  91
6309  81
6322  17
6326  26
6366  209
6368  55
6379  236
6381  32
6384  51
6392  93
6394  29
6396  49
6397  281
6402  54
6435  282
6436  49
6439  135
6448  62
6449  30
6455  39
6463  96
6464  17
6466  188
6467  25
6472  59
6476  71
6481  64
6482  35
6489  89
6494  10
6495  86
6499  109
6504  64
6510  10
6515  63
6517  425
6518  64
6519  11
6528  57
6531  35
6533  10
6534  10
6537  28
6540  8
6541  7
6543  425
6561  104
6562  63
6578  97
6580  27
6582  57
6583  15
6584  35
6585  46
6586  25
6587  10
6589  111
6591  40
6595  13
6596  32
6608  29
6610  25
6613  46
6614  17
6615  18
6622  192
6638  174
6639  74
6647  98
6648  36
6671  263
6672  43
6700  153
6701  118
6717  117
6718  10
6719  23
6738  174
6741  19
6742  29
6769  183
6773  98
6776  20
6777  25
6778  20
6779  14
6780  20
6792  10
6796  93
6797  33
6801  10
6809  68
6814  109
6831  202
6832  10
6833  28
6834  26
6835  76
6836  23
6859  164
6860  42
6864  19
6865  114
6867  20
6873  148
6890  68
6900  86
6902  85
6948  195
6949  22
6975  318
6976  32
6977  281
7048  274
7049  82
7060  118
7073  117
7074  10
7077  10
7108  156
7109  45
7112  17
7120  131
7127  260
7128  10
7129  19
7133  37
7135  169
7136  253
7139  44
7140  8
7141  56
7142  29
7172  238
7181  59
7182  65
7183  21
7186  33
7187  79
7188  63
7201  78
7233  134
7237  109
7240  10
7241  40
7250  100
7255  150
7256  24
7257  54
7260  40
7268  157
7272  99
7273  62
7295  69
7296  12
7315  9
7322  65
7335  216
7336  55
7346  100
7348  18
7350  10
7353  6
7356  10
7360  10
7361  81
7367  79
7379  169
7393  68
7396  89
7400  10
7408  104
7417  110
7422  25
7423  10
7429  49
7432  40
7439  149
7440  40
7449  139
7454  90
7455  40
7463  118
7464  31
7470  46
7472  13
7491  150
7493  97
7498  39
7499  12
7501  41
7522  284
7523  59
7566  181
7573  109
7574  28
7576  23
7577  16
7590  86
7591  29
7592  41
7593  119
7594  9
7599  187
7648  282
7660  231
7668  171
7696  79
7701  22
7703  74
7704  253
7705  37
7713  10
7714  52
7736  138
7737  83
7741  59
7743  39
7754  36
7755  28
7766  10
7768  10
7780  170
7792  44
7793  67
7806  187
7815  30
7820  57
7821  27
7859  242
7865  50
7871  31
7887  78
7901  94
7905  20
7906  13
7907  14
7909  20
7912  71
7914  55
7918  85
7924  134
7925  10
7926  28
7930  30
7932  12
7974  282
7988  110
7990  39
7992  13
8012  174
8014  28
8016  75
8025  261
8026  22
8031  76
8035  145
8036  121
8037  14
8038  45
8070  77
8077  64
8079  33
8081  10
8082  122
8085  32
8109  287
8110  30
8112  16
8115  53
8116  71
8121  74
8123  75
8125  103
8127  41
8134  129
8136  30
8138  16
8140  18
8143  139
8146  10
8167  35
8188  354
8193  92
8194  20
8199  83
8206  66
8207  29
8208  67
8216  28
8218  10
8224  39
8225  27
8226  32
8242  86
8248  160
8253  78
8254  25
8255  52
8257  47
8265  56
8271  104
8275  209
8281  103
8285  28
8301  242
8306  34
8307  262
8308  10
8329  273
8339  82
8350  48
8352  66
8354  24
8356  16
8357  45
8359  28
8360  56
8365  31
8366  110
8391  142
8397  59
8398  14
8404  42
8411  117
8414  71
8416  15
8423  22
8426  40
8427  20
8465  306
8471  26
8484  64
8495  95
8502  187
8509  100
8510  21
8511  24
8521  110
8527  126
8558  114
8559  47
8570  105
8575  51
8576  10
8579  40
8586  111
8587  10
8591  38
8593  86
8595  24
8599  6
8600  12
8601  47
8602  15
8605  12
8606  56
8607  31
8611  24
8621  98
8623  41
8638  15
8660  204
8661  253
8671  77
8672  253
8698  136
8702  85
8703  7
8705  42
8709  36
8722  115
8727  43
8733  159
8765  75
8791  69
8794  6
8803  56
8805  41
8851  128
8854  71
8863  103
8864  15
8866  27
8867  34
8868  13
8869  38
8871  23
8875  54
8876  18
8878  89
8882  50
8887  55
8888  62
8911  201
8923  83
8927  47
8970  72
8971  10
8973  28
8974  28
8978  47
8979  253
8980  13
8982  39
8984  28
8985  6
9010  190
9026  159
9028  30
9030  80
9037  159
9064  77
9065  34
9078  82
9079  25
9081  43
9082  253
9105  85
9107  66
9110  75
9117  177
9154  209
9156  96
9167  101
9168  10
9169  75
9170  34
9171  32
9172  31
9184  115
9186  61
9207  306
9208  67
9210  73
9211  33
9212  39
9213  18
9214  22
9216  22
9217  70
9218  53
9219  20
9220  172
9223  47
9227  56
9230  34
9281  183
9285  75
9297  121
9300  52
9301  27
9303  9
9305  20
9317  55
9319  10
9321  91
9323  47
9356  184
9360  20
9390  268
9391  15
9395  41
9398  23
9443  286
9451  142
9454  34
9462  39
9464  50
9470  97
9483  167
9494  169
9500  50
9502  15
9503  9
9513  43
9517  13
9521  96
9523  9
9524  10
9530  66
9533  85
9544  11
9550  10
9557  117
9558  10
9559  59
9560  20
9565  32
9566  15
9570  101
9574  12
9605  218
9606  10
9607  12
9612  10
9613  49
9615  10
9617  32
9618  37
9620  87
9638  191
9643  24
9656  142
9675  134
9681  53
9686  101
9691  68
9701  88
9703  102
9705  11
9706  39
9746  204
9757  84
9768  124
9771  19
9775  31
9790  128
9791  29
9793  12
9804  34
9815  110
9821  60
9828  33
9837  37
9884  103
9887  7
9888  44
9895  34
9901  68
9902  20
9904  73
9910  64
9912  10
9914  11
9915  13
9920  180
9922  45
9925  54
9926  30
9927  10
9930  15
9935  104
9936  43
9939  68
9940  40
9941  10
9945  26
9948  84
9949  30
9969  25
9975  50
9977  10
9983  107
9985  27
9994  144
9998  58
10011  238
10017  157
10024  127
10025  61
10045  67
10054  81
10064  227
10067  36
10068  33
10072  27
10073  26
10074  152
10079  60
10081  59
10082  31
10083  19
10084  18
10086  28
10087  89
10088  43
10093  73
10095  18
10108  169
10111  68
10112  9
10115  49
10116  10
10126  18
10136  138
10170  218
10172  10
10175  15
10180  21
10182  20
10185  67
10186  51
10198  63
10211  92
10220  49
10225  111
10229  66
10231  12
10233  111
10234  60
10242  45
10245  96
10247  110
10256  60
10257  23
10258  13
10278  188
10280  38
10282  61
10287  50
10288  13
10289  17
10295  18
10296  10
10298  56
10299  16
10300  20
10305  54
10307  40
10309  40
10310  16
10317  20
10318  10
10319  10
10337  286
10346  17
10375  226
10402  101
10403  84
10405  33
10406  71
10407  69
10408  82
10409  7
10410  10
10425  163
10430  125
10431  425
10437  121
10442  67
10445  141
10447  58
10474  231
10475  10
10486  140
10487  37
10490  28
10497  37
10498  10
10500  97
10509  188
10510  23
10512  64
10515  111
10523  42
10524  49
10525  12
10528  20
10529  69
10532  185
10533  45
10535  61
10537  22
10541  19
10542  13
10548  37
10549  15
10550  27
10553  73
10561  101
10568  126
10569  10
10570  10
10571  30
10572  10
10573  44
10574  97
10576  67
10579  62
10580  33
10597  178
10598  262
10602  10
10606  22
10621  85
10622  35
10631  163
10633  120
10634  40
10640  37
10641  30
10653  188
10654  28
10655  15
10656  30
10659  86
10660  10
10661  9
10665  75
10667  37
10668  40
10669  107
10677  147
10683  193
10684  35
10717  195
10732  62
10733  42
10737  212
10738  35
10740  87
10756  96
10772  119
10773  30
10787  107
10790  161
10803  84
10804  10
10805  31
10806  15
10809  47
10815  100
10829  54
10830  10
10840  103
10849  194
10852  54
10857  105
10858  40
10863  149
10865  55
10882  116
10901  111
10906  86
10907  12
10908  52
10923  85
10924  24
10926  42
10927  20
10943  165
10947  19
10948  23
10949  10
10953  69
10957  65
10960  19
10969  190
10976  10
10978  53
10988  64
10990  19
10991  60
10994  165
11000  41
11002  31
11008  247
11009  63
11012  54
11013  52
11024  25
11040  279
11042  28
11043  10
11046  50
11047  32
11050  79
11059  186
11069  74
11074  88
11077  10
11078  425
11079  10
11080  43
11083  33
11084  89
11087  37
11088  36
11090  184
11094  10
11096  30
11097  45
11098  10
11099  108
11101  32
11105  59
11106  119
11119  83
11121  47
11141  58
11180  268
11181  22
11183  10
11185  84
11187  22
11192  77
11196  148
11199  20
11203  71
11204  38
11212  82
11216  30
11219  25
11224  56
11227  16
11231  113
11232  27
11233  55
11237  34
11238  20
11264  267
11265  16
11266  48
11267  74
11281  69
11282  22
11286  105
11403  370
11406  25
11409  28
11410  17
11421  17
11423  14
11427  33
11442  239
11443  94
11445  16
11452  35
11458  92
11471  99
11490  97
11505  97
11507  35
11513  58
11515  16
11516  13
11530  86
11531  21
11532  21
11535  12
11536  14
11557  306
11580  126
11599  152
11610  44
11616  120
11618  71
11619  20
11660  166
11662  10
11663  8
11683  224
11685  16
11686  13
11688  10
11690  32
11691  51
11693  11
11720  149
11729  19
11730  10
11734  41
11742  48
11749  131
11755  38
11756  13
11757  30
11759  49
11761  10
11764  25
11850  234
11851  36
11852  31
11913  225
11925  204
11930  53
11953  242
11954  8
11957  73
11958  23
11969  81
11977  79
11986  62
11988  10
11992  10
11996  20
12000  30
12015  181
12016  58
12019  47
12067  306
12081  52
12096  139
12109  46
12117  120
12118  23
12121  82
12143  156
12151  25
12167  69
12168  41
12175  59
12190  71
12193  89
12194  36
12211  22
12214  10
12215  31
12218  10
12227  79
12228  9
12230  77
12235  108
12237  72
12238  21
12242  124
12243  234
12245  66
12247  77
12258  149
12264  58
12267  104
12268  73
12271  23
12272  71
12277  27
12283  40
12284  13
12290  69
12295  31
12298  25
12310  100
12334  209
12335  24
12357  105
12359  30
12360  20
12363  51
12368  74
12377  57
12378  21
12400  197
12402  34
12404  126
12405  14
12411  109
12418  103
12419  10
12433  144
12434  10
12436  10
12439  132
12444  7
12445  17
12457  286
12458  48
12459  281
12460  20
12461  20
12462  19
12463  37
12464  41
12472  13
12478  15
12481  59
12485  24
12487  98
12492  29
12497  47
12498  34
12499  67
12511  39
12530  238
12557  127
12561  308
12563  35
12576  68
12580  135
12581  24
12587  34
12590  62
12591  26
12639  274
12641  94
12642  41
12644  46
12654  141
12655  64
12657  80
12660  28
12661  13
12662  59
12689  99
12697  172
12698  38
12699  35
12700  20
12703  106
12715  284
12718  94
12720  56
12749  113
12799  209
12818  328
12829  27
12841  196
12855  98
12859  94
12863  26
12867  23
12869  19
12870  30
12871  28
12872  72
12874  46
12890  75
12899  17
12900  6
12906  29
12910  16
12914  20
12949  192
12951  64
12952  10
12961  120
12981  313
12982  13
12984  15
12985  27
12986  58
12993  154
13016  44
13017  23
13019  10
13024  81
13052  275
13093  268
13095  86
13097  19
13098  23
13099  36
13105  108
13107  70
13110  45
13111  26
13112  38
13113  16
13133  265
13138  33
13140  20
13142  73
13150  25
13153  82
13156  11
13158  27
13179  162
13198  160
13200  13
13201  10
13202  30
13208  20
13210  10
13211  30
13214  31
13221  45
13234  128
13239  82
13243  218
13244  35
13245  10
13246  10
13247  36
13256  68
13260  38
13265  10
13274  13
13278  33
13292  26
13314  163
13317  20
13318  10
13333  113
13336  10
13337  38
13341  15
13347  38
13353  47
13355  35
13357  46
13362  13
13365  20
13366  10
13367  10
13370  48
13388  195
13389  44
13395  70
13408  142
13416  13
13425  33
13426  123
13429  9
13432  42
13443  26
13446  16
13447  72
13451  79
13453  57
13457  116
13461  56
13462  12
13496  218
13527  128
13550  93
13551  10
13552  18
13554  40
13558  68
13559  46
13577  146
13584  39
13586  14
13591  26
13648  370
13651  12
13659  275
13664  183
13700  107
13702  61
13704  25
13705  20
13707  10
13717  210
13726  20
13727  10
13728  123
13732  27
13735  65
13738  29
13740  68
13742  81
13745  117
13750  96
13752  30
13753  20
13761  70
13762  26
13763  30
13769  144
13772  46
13774  38
13775  10
13794  54
13798  69
13799  10
13802  16
13809  15
13824  152
13832  57
13840  56
13842  32
13843  24
13872  169
13874  50
13875  50
13884  54
13885  11
13937  370
13938  27
13939  73
13941  8
13942  20
13943  20
13960  160
13962  52
14017  274
14023  56
14029  46
14030  25
14031  94
14035  29
14046  11
14047  10
14068  192
14075  57
14083  117
14088  22
14089  36
14103  104
14107  29
14111  101
14116  24
14125  60
14128  30
14176  268
14225  23
14226  20
14231  44
14232  19
14235  42
14239  67
14245  86
14280  29
14295  41
14297  111
14304  182
14312  81
14324  195
14342  59
14344  43
14345  10
14347  33
14350  20
14352  26
14355  33
14356  31
14357  53
14381  177
14394  179
14395  19
14402  64
14405  10
14406  64
14407  39
14408  37
14411  25
14425  54
14426  10
14427  23
14429  38
14456  188
14461  66
14476  110
14477  41
14480  36
14481  35
14484  58
14489  68
14490  29
14495  38
14497  46
14498  29
14499  45
14500  31
14501  59
14509  38
14510  13
14511  22
14512  80
14514  68
14522  10
14525  185
14528  19
14529  15
14530  32
14546  225
14642  282
14644  24
14645  15
14653  81
14654  38
14657  39
14726  235
14742  109
14745  59
14757  98
14760  55
14762  124
14764  30
14767  68
14768  18
14774  186
14775  31
14776  54
14783  54
14784  44
14823  286
14831  118
14832  40
14847  72
14848  31
14851  74
14864  74
14865  33
14866  10
14888  111
14903  85
14905  18
14906  281
14911  68
14919  107
14929  84
14934  108
14935  99
14939  28
14940  13
14944  32
14945  262
14958  184
14975  128
14976  48
14979  120
14980  55
14988  86
15005  238
15006  10
15007  21
15011  56
15013  89
15016  40
15018  36
15020  20
15021  18
15022  46
15023  9
15032  176
15034  59
15035  29
15036  38
15037  28
15078  114
15083  123
15084  23
15089  128
15090  81
15100  94
15106  72
15108  43
15116  13
15135  68
15144  17
15168  218
15175  67
15197  87
15200  35
15201  14
15212  164
15213  15
15219  131
15223  76
15224  52
15225  14
15238  79
15253  228
15265  52
15267  10
15268  113
15295  128
15304  218
15312  104
15313  16
15334  74
15338  16
15343  186
15347  40
15355  101
15357  16
15358  54
15388  110
15389  34
15391  71
15393  97
15396  18
15402  112
15406  8
15408  117
15439  69
15441  25
15442  10
15460  90
15461  23
15464  146
15467  10
15468  37
15469  42
15473  147
15482  70
15487  82
15488  64
15503  181
15506  30
15510  84
15512  12
15516  28
15517  17
15518  102
15587  235
15604  235
15612  39
15613  17
15617  104
15618  425
15631  134
15634  13
15635  27
15640  35
15662  104
15663  26
15664  55
15666  39
15668  19
15678  154
15681  49
15696  92
15711  31
15712  23
15729  203
15730  42
15751  192
15753  97
15755  23
15756  10
15757  75
15774  33
15778  9
15780  40
15791  30
15792  253
15826  181
15843  33
15845  88
15846  10
15851  15
15874  100
15896  131
15897  58
15900  27
15910  54
15912  56
15946  181
15947  38
15957  143
15961  18
15993  175
16009  128
16016  118
16026  84
16029  9
16031  104
16035  52
16036  10
16044  86
16046  93
16053  38
16059  39
16060  30
16064  31
16164  370
16206  35
16211  44
16212  22
16218  63
16225  86
16226  10
16233  98
16266  162
16269  97
16278  425
16279  26
16291  66
16292  40
16320  209
16321  27
16330  47
16332  38
16339  74
16349  45
16350  23
16351  46
16354  51
16355  23
16411  176
16413  68
16414  234
16415  24
16424  8
16427  87
16428  36
16435  120
16448  54
16451  86
16453  20
16455  153
16467  75
16468  50
16476  69
16477  15
16483  36
16495  8
16496  253
16497  11
16500  16
16512  42
16521  216
16522  108
16535  107
16558  115
16560  92
16570  102
16574  18
16575  12
16581  86
16584  44
16586  11
16587  66
16610  337
16611  96
16612  37
16619  164
16620  36
16623  42
16641  44
16644  79
16649  34
16654  111
16663  90
16671  33
16672  27
16675  109
16679  107
16684  25
16685  262
16687  262
16689  44
16695  94
16696  9
16711  52
16728  174
16730  20
16733  138
16753  92
16754  33
16757  55
16758  10
16761  66
16762  10
16765  20
16775  103
16780  98
16796  151
16805  153
16808  37
16810  27
16816  103
16819  32
16821  35
16823  88
16824  15
16825  21
16827  13
16831  32
16834  19
16853  242
16854  106
16857  29
16858  42
16860  23
16869  88
16883  101
16907  56
16908  25
16921  105
16925  118
16926  121
16933  62
16934  27
16936  10
16958  199
16975  135
16976  39
16982  48
16984  25
16985  8
16986  155
17030  195
17031  53
17033  23
17034  11
17035  26
17037  34
17039  14
17040  34
17043  62
17045  10
17046  41
17047  52
17066  195
17075  92
17081  90
17100  138
17108  64
17109  17
17141  174
17142  45
17150  103
17162  154
17164  82
17166  41
17174  30
17175  14
17177  75
17182  74
17184  40
17185  21
17198  172
17210  17
17217  218
17235  184
17289  286
17300  73
17304  30
17307  34
17329  231
17370  284
17378  73
17384  98
17393  51
17398  6
17405  109
17408  33
17409  27
17410  61
17431  99
17436  68
17470  176
17481  28
17484  65
17486  69
17487  50
17488  11
17495  85
17497  15
17499  100
17500  28
17506  68
17510  5
17511  18
17512  51
17543  110
17544  107
17554  181
17555  12
17557  32
17575  190
17576  36
17581  88
17596  172
17601  119
17634  195
17667  230
17668  30
17671  31
17682  99
17683  90
17691  11
17693  36
17699  45
17700  14
17702  47
17755  176
17756  84
17758  16
17793  218
17794  29
17796  90
17801  53
17804  29
17806  34
17817  146
17838  60
17842  25
17876  77
17878  42
17879  54
17885  45
17886  7
17887  9
17894  41
17911  155
17912  56
17913  69
17915  13
17921  16
17940  151
17941  16
17942  19
17946  35
17948  20
17950  7
17956  86
17961  51
17963  45
17965  48
17969  56
17970  24
17983  130
18015  147
18017  62
18020  54
18021  30
18024  37
18031  124
18032  45
18036  20
18063  151
18064  21
18109  260
18113  31
18119  104
18120  117
18125  67
18127  46
18130  40
18136  10
18139  14
18147  60
18151  34
18165  242
18166  30
18167  42
18168  253
18191  153
18198  41
18201  78
18204  29
18219  48
18220  10
18242  175
18243  10
18247  7
18248  43
18252  36
18253  46
18256  20
18257  24
18258  104
18259  87
18264  86
18265  14
18266  10
18269  106
18279  184
18285  50
18297  180
18339  134
18342  56
18348  135
18350  18
18351  31
18352  31
18384  135
18386  34
18413  100
18424  101
18432  80
18433  425
18434  10
18441  21
18452  136
18453  27
18459  52
18462  7
18467  22
18498  84
18533  287
18534  48
18540  22
18541  53
18548  69
18550  38
18575  10
18581  131
18584  27
18585  26
18601  163
18634  100
18636  57
18639  7
18640  16
18656  91
18665  77
18668  53
18671  78
18672  31
18675  93
18677  74
18678  103
18679  20
18680  6
18681  10
18694  72
18699  115
18720  164
18721  33
18778  181
18779  15
18780  22
18786  42
18844  282
18865  103
18866  44
18867  47
18882  71
18885  92
18908  88
18910  106
18913  38
18956  370
18977  205
18980  18
18981  24
18993  25
19003  244
19005  17
19028  90
19030  23
19031  104
19045  141
19046  27
19047  76
19054  37
19073  153
19081  34
19082  55
19083  14
19091  68
19096  20
19100  97
19102  31
19105  61
19106  14
19107  134
19109  25
19111  134
19123  196
19124  30
19133  99
19142  72
19159  81
19169  155
19172  55
19173  142
19177  36
19180  41
19181  14
19183  62
19188  20
19191  9
19224  162
19225  10
19237  134
19268  282
19275  79
19280  30
19281  23
19282  11
19283  11
19299  140
19318  107
19319  10
19324  106
19342  127
19365  225
19368  65
19388  122
19390  16
19420  122
19436  208
19439  19
19447  82
19460  20
19469  101
19470  425
19488  79
19489  17
19491  143
19512  185
19518  74
19519  29
19521  24
19528  100
19615  370
19625  71
19660  370
19665  108
19666  8
19669  87
19684  188
19699  83
19703  6
19712  137
19714  124
19718  68
19720  60
19721  63
19734  218
19735  21
19736  50
19740  136
19744  15
19747  162
19782  154
19787  21
19808  282
19811  45
19813  22
19818  50
19835  152
19836  29
19839  59
19844  19
19845  29
19893  250
19904  195
19906  37
19917  98
19921  99
19926  33
19927  19
19974  282
19977  47
19982  46
19983  88
19984  13
19997  89
20005  92
20006  10
20030  117
20033  25
20036  10
20037  30
20039  64
20041  20
20045  53
20046  14
20050  34
20055  58
20056  57
20057  10
20058  10
20064  96
20071  82
20075  89
20076  49
20092  66
20104  60
20108  10
20111  86
20113  16
20125  94
20130  55
20134  19
20138  25
20152  177
20153  24
20158  35
20160  70
20161  20
20163  62
20166  55
20167  14
20169  31
20176  74
20177  44
20183  30
20199  48
20200  18
20211  222
20218  43
20253  162
20279  164
20284  67
20289  69
20338  133
20340  35
20341  16
20343  39
20394  370
20409  250
20410  31
20411  83
20417  86
20420  59
20425  17
20427  115
20429  46
20434  71
20449  83
20457  26
20458  11
20471  69
20484  143
20494  65
20496  22
20500  19
20519  308
20529  81
20532  236
20535  46
20540  75
20544  73
20545  44
20546  44
20549  65
20551  11
20552  10
20554  10
20558  11
20599  218
20606  20
20607  23
20609  66
20610  20
20615  31
20616  27
20618  26
20619  13
20623  57
20625  10
20655  109
20661  41
20666  9
20670  188
20672  23
20674  49
20692  79
20693  26
20695  19
20715  72
20732  184
20741  24
20742  13
20743  71
20748  36
20749  40
20773  83
20793  117
20796  19
20799  9
20800  23
20801  10
20810  156
20813  100
20815  20
20817  56
20820  51
20834  74
20845  140
20848  52
20853  162
20859  169
20864  131
20865  10
20867  10
20874  46
20877  45
20878  7
20883  125
20892  33
20894  47
20895  46
20901  195
20921  162
20924  70
20925  44
20928  54
20935  55
20943  132
20944  72
20946  68
20947  33
20948  16
20994  370
20995  21
21008  28
21009  28
21010  28
21044  301
21049  124
21073  134
21075  105
21076  39
21089  137
21093  102
21095  20
21130  185
21132  46
21141  64
21144  55
21153  63
21154  36
21157  132
21164  62
21165  35
21166  28
21170  55
21171  36
21178  105
21182  10
21187  48
21188  10
21189  8
21190  11
21209  175
21247  166
21248  12
21251  38
21255  38
21286  252
21293  10
21301  66
21312  86
21313  17
21326  154
21331  40
21339  34
21342  97
21380  286
21385  20
21392  10
21394  53
21395  23
21411  165
21418  55
21419  10
21427  88
21428  58
21433  22
21447  40
21448  35
21477  256
21482  76
21489  20
21518  159
21519  27
21520  44
21521  18
21522  21
21525  20
21532  39
21539  66
21542  9
21549  102
21550  61
21556  31
21561  75
21562  43
21563  7
21568  48
21570  36
21573  23
21575  73
21587  272
21588  55
21589  66
21590  10
21598  52
21601  50
21624  102
21625  32
21669  370
21688  72
21691  77
21699  25
21700  55
21714  59
21716  30
21723  75
21725  33
21727  64
21729  33
21735  33
21736  29
21747  114
21752  62
21753  12
21762  107
21764  16
21776  53
21790  119
21792  24
21793  61
21800  176
21807  98
21813  40
21834  92
21858  323
21864  10
21867  10
21869  33
21895  239
21896  27
21904  10
21907  29
21908  8
21910  27
21911  15
21912  53
21934  142
21937  102
21952  184
21954  18
21963  82
21978  184
21988  113
21996  52
21997  9
21998  21
21999  9
22002  20
22003  22
22006  22
22014  153
22015  20
22016  15
22017  58
22021  50
22026  102
22031  100
22035  14
22057  81
22058  27
22062  109
22065  54
22077  105
22107  216
22110  22
22111  10
22115  22
22116  10
22121  45
22123  24
22126  11
22133  149
22135  41
22152  166
22153  10
22156  10
22157  40
22161  17
22165  87
22172  95
22173  30
22176  64
22179  26
22189  133
22198  130
22199  29
22202  38
22205  32
22208  29
22209  79
22234  51
22237  88
22238  8
22239  46
22240  29
22247  126
22249  33
22252  32
22253  24
22256  10
22257  10
22264  113
22270  58
22271  35
22275  228
22280  67
22282  20
22284  10
22285  107
22298  128
22301  24
22306  66
22327  88
22333  27
22342  51
22343  29
22353  77
22356  10
22386  199
22387  10
22408  149
22427  59
22430  45
22438  15
22441  78
22455  20
22462  68
22463  30
22466  26
22467  30
22471  100
22472  13
22482  99
22483  39
22490  62
22492  29
22495  141
22498  21
22502  281
22504  74
22552  326
22553  18
22554  10
22559  177
22563  86
22564  28
22565  31
22566  20
22568  53
22569  50
22571  44
22573  10
22574  44
22575  30
22589  145
22591  52
22592  17
22594  96
22605  101
22609  61
22613  43
22621  73
22622  54
22623  16
22625  10
22632  96
22633  19
22643  89
22644  18
22652  47
22664  88
22691  58
22692  66
22716  76
22722  76
22723  106
22725  25
22726  262
22735  146
22743  113
22744  28
22747  73
22749  14
22750  20
22769  56
22770  15
22783  96
22784  10
22787  38
22788  10
22790  31
22838  370
22842  18
22844  10
22845  30
22846  39
22847  37
22862  115
22864  23
22865  22
22869  35
22895  261
22916  234
22920  60
22922  27
22923  45
22932  44
22933  13
22935  100
22938  60
22944  25
22948  58
22961  172
22968  44
22990  124
22996  66
23000  120
23013  124
23018  89
23023  100
23024  15
23025  50
23026  40
23030  11
23037  80
23040  28
23054  165
23055  17
23057  25
23062  13
23064  54
23066  43
23067  20
23069  38
23071  39
23072  262
23106  255
23113  23
23116  21
23119  107
23121  27
23122  10
23124  48
23127  76
23130  41
23132  20
23133  10
23137  23
23138  108
23139  44
23140  43
23145  24
23146  30
23147  44
23149  16
23152  10
23169  119
23171  70
23172  82
23173  17
23176  27
23177  77
23178  33
23179  10
23180  10
23182  25
23203  88
23204  16
23205  44
23208  79
23220  69
23221  24
23236  92
23245  123
23282  188
23283  10
23288  10
23289  10
23297  84
23307  204
23313  128
23314  12
23316  101
23318  10
23319  21
23324  65
23328  73
23345  70
23346  10
23420  274
23422  56
23448  208
23451  82
23453  63
23455  53
23457  63
23458  17
23460  29
23465  49
23477  252
23478  36
23479  40
23480  24
23482  15
23485  64
23486  33
23499  68
23501  13
23514  75
23525  16
23526  48
23529  16
23533  98
23536  24
23537  10
23543  143
23544  14
23545  29
23549  72
23550  33
23560  187
23566  38
23567  13
23571  58
23580  88
23581  28
23584  65
23588  22
23594  18
23602  56
23605  13
23607  35
23608  91
23610  38
23617  20
23618  31
23633  89
23634  30
23643  41
23659  106
23660  19
23666  81
23674  40
23680  43
23682  20
23686  78
23687  262
23688  20
23698  99
23699  16
23700  56
23701  253
23704  56
23706  18
23717  86
23719  10
23723  65
23733  120
23743  124
23744  15
23752  70
23755  107
23763  88
23764  52
23766  30
23778  157
23788  45
23794  55
23797  35
23798  20
23799  37
23801  37
23803  27
23807  13
23816  25
23818  83
23821  27
23824  22
23825  425
23829  65
23838  18
23841  11
23843  30
23844  40
23846  14
23860  90
23870  185
23901  158
23908  13
23918  73
23919  21
23923  64
23934  11
23935  27
23936  28
23939  83
23942  45
23943  49
23946  21
23954  27
23955  76
23961  48
23962  180
23970  69
23972  36
23977  44
23980  9
23982  16
23983  10
23993  21
23997  26
24002  36
24004  27
24005  24
24059  218
24060  32
24062  13
24067  78
24086  185
24088  19
24089  26
24117  189
24119  39
24120  31
24122  53
24125  10
24127  68
24144  168
24148  21
24153  35
24165  154
24167  58
24178  172
24181  81
24196  39
24197  18
24198  107
24199  46
24201  21
24231  190
24238  60
24239  10
24259  216
24260  12
24263  46
24295  326
24300  10
24304  56
24311  60
24313  82
24314  71
24315  27
24317  26
24319  18
24325  128
24326  27
24333  92
24394  370
24395  16
24397  64
24400  10
24401  20
24408  123
24409  17
24418  98
24419  8
24443  105
24478  46
24492  78
24504  153
24544  91
24545  40
24558  152
24561  52
24566  39
24571  180
24603  133
24604  33
24608  119
24626  81
24632  38
24645  108
24697  247
24698  39
24699  15
24702  299
24706  48
24711  425
24712  58
24714  11
24719  49
24721  94
24725  81
24748  79
24765  111
24766  69
24769  76
24772  20
24774  58
24780  30
24781  47
24783  90
24786  80
24788  10
24789  10
24790  72
24805  70
24824  28
24825  10
24826  14
24832  134
24834  62
24856  242
24863  72
24866  33
24867  28
24870  88
24872  58
24875  116
24883  21
24885  103
24886  47
24888  37
24894  176
24897  61
24959  370
24960  23
24963  21
24967  43
24968  30
24969  156
24970  18
24972  31
24986  205
24990  41
24993  71
25019  129
25027  176
25029  33
25031  10
25032  60
25035  100
25044  49
25056  86
25060  6
25064  64
25065  88
25091  312
25092  425
25093  55
25094  18
25095  44
25096  133
25098  24
25137  204
25141  15
25142  15
25143  10
25144  12
25145  8
25149  178
25151  43
25163  41
25188  167
25197  155
25200  104
25207  23
25239  205
25241  20
25249  103
25264  128
25269  32
25273  23
25276  25
25277  10
25278  12
25280  22
25281  29
25285  13
25287  61
25288  10
25289  68
25290  78
25291  43
25304  10
25307  24
25314  59
25318  108
25325  38
25326  28
25328  31
25329  34
25330  16
25335  101
25343  121
25345  19
25357  20
25368  60
25371  27
25385  35
25388  72
25389  15
25397  80
25404  43
25406  36
25408  43
25410  78
25428  64
25442  146
25448  37
25449  33
25451  78
25453  62
25465  152
25481  151
25493  66
25496  21
25502  97
25503  10
25515  32
25516  34
25518  44
25524  54
25525  13
25527  34
25528  13
25569  344
25570  10
25571  10
25590  125
25592  17
25603  62
25614  11
25628  82
25633  128
25635  17
25638  15
25639  7
25645  25
25655  101
25656  24
25669  213
25675  32
25676  21
25682  47
25684  78
25702  142
25709  82
25714  67
25715  27
25717  123
25721  45
25724  26
25729  124
25732  15
25750  176
25755  43
25756  40
25764  52
25773  71
25789  79
25792  71
25795  18
25799  22
25800  39
25820  89
25821  16
25822  10
25823  19
25844  176
25845  20
25849  64
25856  147
25866  42
25902  172
25919  124
25929  138
25931  31
25948  115
25949  32
25982  152
25983  32
25992  94
26021  318
26028  104
26032  38
26033  29
26042  204
26043  30
26053  52
26122  210
26127  150
26137  108
26140  10
26146  42
26148  12
26155  76
26156  11
26176  68
26178  24
26180  71
26184  30
26190  9
26196  94
26202  27
26220  188
26222  38
26234  64
26304  274
26306  192
26311  76
26314  10
26322  11
26326  36
26328  50
26363  124
26364  20
26367  17
26379  10
26381  149
26394  38
26395  30
26398  425
26415  74
26422  44
26427  47
26437  141
26438  37
26440  37
26446  190
26450  43
26451  61
26453  15
26454  35
26456  26
26460  7
26461  35
26467  169
26469  10
26478  128
26503  73
26509  56
26510  55
26511  42
26530  203
26536  37
26541  45
26542  16
26544  23
26545  33
26552  13
26554  45
26563  81
26574  44
26576  28
26581  33
26596  182
26609  96
26610  13
26613  10
26619  41
26629  48
26630  23
26632  41
26641  116
26642  22
26645  178
26646  38
26650  57
26651  26
26652  78
26654  69
26655  30
26661  63
26662  50
26665  157
26673  40
26702  185
26704  39
26705  30
26707  66
26712  247
26719  114
26720  31
26724  90
26726  10
26734  34
26735  10
26756  151
26757  29
26766  42
26767  36
26770  10
26771  78
26784  68
26793  92
26805  56
26808  50
26827  34
26847  257
26849  10
26850  112
26860  184
26861  40
26913  286
26919  147
26922  35
26929  58
26930  19
26943  80
26947  39
26948  37
26952  28
26958  89
26969  83
26970  14
26977  68
26979  40
26981  56
26997  238
27007  56
27008  35
27024  174
27025  30
27027  29
27028  32
27029  55
27034  96
27035  10
27036  45
27046  37
27048  10
27064  53
27066  27
27073  63
27074  36
27076  10
27085  29
27090  142
27091  23
27092  40
27093  27
27094  7
27096  40
27100  36
27101  20
27122  274
27127  20
27128  10
27129  49
27132  61
27133  82
27135  65
27139  86
27140  59
27154  82
27155  21
27158  10
27159  30
27174  92
27191  19
27192  23
27218  190
27221  40
27222  12
27225  34
27226  23
27246  274
27260  108
27263  12
27266  19
27312  370
27313  25
27319  201
27320  22
27328  64
27331  185
27337  98
27340  24
27343  64
27346  40
27347  43
27352  84
27355  31
27356  30
27363  34
27434  192
27436  77
27442  10
27447  36
27448  13
27455  29
27460  44
27461  10
27468  35
27469  36
27480  97
27484  35
27499  109
27587  370
27602  50
27603  62
27606  58
27652  286
27653  10
27664  24
27670  18
27674  24
27676  177
27677  10
27698  139
27699  10
27723  128
27728  7
27735  103
27737  63
27738  23
27741  67
27742  23
27743  23
27744  42
27764  121
27767  9
27774  46
27775  40
27793  148
27796  16
27799  145
27802  20
27822  151
27824  45
27827  55
27849  235
27855  149
27864  27
27865  64
27876  158
27888  60
27891  106
27892  38
27893  62
27894  62
27896  112
27897  15
27910  258
27911  23
27912  39
27926  267
27930  51
27931  28
27932  10
27935  75
27937  17
27938  106
27941  35
27967  161
27973  121
28001  145
28019  130
28030  10
28042  172
28043  17
28045  10
28050  34
28051  10
28054  34
28083  284
28086  7
28090  107
28095  31
28098  41
28111  105
28115  38
28118  18
28119  32
28121  36
28128  93
28138  60
28140  40
28141  29
28152  43
28159  54
28160  15
28161  44
28163  10
28166  24
28175  55
28179  136
28194  56
28195  77
28197  54
28200  10
28201  29
28204  13
28209  176
28214  58
28222  40
28240  324
28253  49
28254  33
28259  42
28262  40
28268  151
28270  14
28278  66
28279  103
28282  86
28284  52
28286  75
28292  199
28294  15
28320  308
28325  24
28326  29
28331  10
28348  122
28356  90
28360  39
28367  92
28371  48
28376  34
28406  176
28410  30
28421  65
28426  51
28439  178
28440  27
28443  15
28451  203
28461  99
28462  30
28473  73
28475  24
28479  45
28489  124
28491  29
28497  38
28507  36
28534  190
28549  132
28553  51
28554  47
28579  59
28594  151
28633  235
28638  46
28639  13
28640  10
28641  22
28642  15
28649  32
28650  27
28651  281
28652  13
28656  91
28665  10
28671  71
28697  86
28702  54
28704  10
28707  20
28712  48
28723  52
28737  138
28738  14
28743  54
28745  22
28746  16
28753  134
28759  22
28779  213
28782  49
28837  172
28847  183
28849  15
28850  70
28851  11
28857  99
28858  33
28861  11
28862  10
28879  133
28880  86
28881  24
28882  38
28900  155
28950  147
28951  10
28952  20
28966  128
28967  37
28970  46
28971  281
28974  36
28978  30
28986  34
28987  20
28988  15
28991  77
28997  39
28998  74
29000  24
29005  24
29017  155
29018  18
29044  105
29045  23
29047  20
29061  21
29068  181
29069  19
29071  10
29106  218
29117  32
29118  10
29125  33
29127  15
29129  53
29134  34
29181  305
29184  41
29201  60
29205  112
29214  212
29220  124
29237  58
29256  109
29260  44
29291  325
29292  16
29300  10
29302  60
29309  18
29312  52
29319  37
29326  73
29334  47
29335  262
29342  134
29373  325
29380  61
29383  189
29437  325
29439  60
29509  312
29515  185
29519  36
29546  325
29595  325
29596  45
29599  70
29635  312
29715  325
29717  124
29725  164
29726  25
29732  41
29750  68
29754  66
29756  26
29761  118
29762  44
29763  6
29769  27
29772  112
29776  27
29778  104
29808  120
29859  265
29860  39
29862  75
29874  68
29875  18
29928  282
29929  10
29935  40
29941  37
29944  10
29945  30
29950  64
29953  38
29959  120
29960  103
29965  38
29970  49
29971  21
29976  125
29983  26
30012  176
30015  43
30017  36
30018  38
30022  42
30025  23
30027  31
30037  79
30068  82
30073  248
30077  56
30160  354
30161  32
30162  20
30193  96
30200  146
30205  153
30206  35
30217  163
30254  91
30255  20
30260  31
30291  308
30313  179
30314  17
30317  15
30318  10
30325  48
30359  150
30361  37
30363  35
30367  54
30371  33
30372  10
30377  89
30378  10
30392  72
30407  37
30411  28
30412  9
30413  9
30416  41
30417  10
30420  88
30424  45
30448  94
30451  44
30453  17
30461  110
30462  40
30465  55
30467  34
30468  32
30469  10
30471  16
30478  242
30481  156
30482  156
30493  107
30494  40
30495  50
30498  52
30500  15
30503  17
30504  34
30506  30
30545  169
30548  34
30553  29
30559  98
30563  39
30565  39
30579  85
30580  10
30581  40
30584  87
30589  61
30596  15
30597  20
30600  162
30606  84
30610  53
30614  23
30643  209
30647  53
30648  81
30744  274
30766  166
30767  43
30770  144
30772  147
30778  7
30783  100
30787  20
30796  26
30798  45
30800  26
30801  55
30808  108
30829  139
30834  45
30836  42
30846  36
30847  41
30863  315
30868  79
30869  7
30876  92
30881  165
30884  10
30886  9
30887  27
30896  84
30903  81
30904  43
30905  43
30908  75
30909  57
30911  6
30912  10
30915  10
30946  49
30948  10
30955  30
30956  6
30957  13
30971  41
30972  15
30982  174
30997  126
30998  11
31004  45
31023  151
31024  31
31025  13
31028  10
31029  26
31037  63
31038  14
31051  48
31052  54
31059  95
31065  68
31071  46
31072  30
31076  67
31079  32
31083  27
31098  68
31103  50
31104  68
31110  20
31145  97
31156  83
31157  14
31159  12
31160  27
31161  21
31164  107
31178  62
31195  157
31197  28
31202  69
31204  116
31209  102
31219  84
31240  86
31249  96
31250  17
31251  35
31268  103
31271  138
31296  184
31297  47
31301  17
31306  30
31307  23
31312  50
31314  18
31315  20
31316  24
31319  183
31328  48
31330  10
31376  265
31377  30
31378  36
31382  14
31383  47
31398  225
31399  10
31409  100
31416  39
31420  45
31421  40
31422  12
31423  20
31452  197
31462  90
31464  17
31468  54
31474  30
31476  33
31479  71
31486  53
31488  32
31493  39
31502  99
31503  262
31514  18
31517  12
31525  166
31529  121
31550  116
31559  20
31583  152
31612  279
31613  18
31620  18
31623  63
31624  15
31631  77
31632  23
31633  38
31668  107
31669  29
31670  253
31671  20
31673  48
31702  169
31705  106
31729  184
31731  117
31733  31
31734  25
31735  9
31760  192
31761  50
31762  25
31807  209
31808  10
31810  68
31820  92
31832  113
31835  15
31836  30
31837  10
31838  16
31839  43
31840  41
31851  99
31852  84
31859  14
31860  124
31863  118
31865  10
31872  103
31873  37
31880  10
31881  53
31882  10
31890  77
31907  157
31908  41
31909  57
31910  19
31911  50
31913  35
31914  30
31921  91
31922  75
31944  181
31950  10
31956  20
31959  57
31961  28
31969  61
31973  10
31974  22
31975  10
31984  48
31985  27
31986  42
31988  30
31990  94
31992  21
31993  25
31998  87
32017  144
32054  208
32056  113
32067  307
32081  185
32082  45
32109  147
32110  20
32112  17
32135  76
32136  52
32162  120
32171  60
32178  124
32179  16
32205  153
32206  52
32235  96
32245  73
32246  10
32247  20
32248  8
32249  35
32254  51
32255  10
32259  31
32260  20
32264  17
32265  15
32271  58
32275  41
32277  10
32288  165
32289  37
32291  12
32295  23
32302  107
32303  10
32304  26
32309  58
32324  163
32326  31
32368  317
32369  20
32371  18
32372  10
32408  255
32409  10
32415  20
32417  78
32420  27
32439  68
32440  64
32443  10
32448  29
32449  27
32461  126
32462  12
32465  123
32466  10
32467  40
32473  10
32481  90
32484  45
32485  29
32500  20
32505  53
32506  61
32544  114
32545  31
32546  59
32547  26
32548  18
32549  16
32551  18
32552  10
32558  88
32562  45
32563  17
32570  94
32575  58
32576  24
32581  53
32582  9
32583  47
32595  96
32597  7
32600  72
32606  40
32609  73
32611  40
32612  41
32613  15
32635  190
32638  48
32655  69
32660  42
32661  253
32662  45
32697  302
32715  101
32716  19
32718  51
32719  262
32722  47
32727  37
32728  41
32729  41
32730  50
32731  24
32749  184
32756  54
32757  10
32759  10
32761  26
32762  19
32773  100
32780  11
32800  255
32803  109
32804  10
32814  88
32815  24
32817  18
32832  164
32833  425
32834  21
32838  186
32856  74
32860  32
32863  17
32864  21
32881  148
32905  159
32911  44
32913  10
32915  10
32916  16
32924  43
32928  56
32930  33
32931  28
32935  73
32939  128
32992  154
33029  279
33030  118
33036  158
33047  68
33048  25
33060  89
33063  25
33067  13
33072  54
33090  166
33091  53
33092  34
33093  37
33096  20
33097  37
33099  56
33103  59
33104  41
33105  24
33108  20
33135  65
33137  78
33141  66
33151  65
33158  171
33179  181
33182  112
33200  318
33204  13
33207  14
33209  27
33212  52
33213  17
33231  138
33232  33
33233  31
33246  66
33252  9
33253  9
33254  36
33262  66
33263  28
33265  24
33273  144
33277  32
33284  38
33293  147
33309  54
33315  163
33316  18
33317  42
33319  25
33342  137
33384  175
33426  181
33430  73
33431  281
33433  34
33454  325
33512  325
33543  204
33544  74
33545  123
33548  74
33617  325
33650  312
33715  325
33721  95
33722  42
33726  106
33727  11
33755  325
33782  238
33786  100
33789  22
33790  38
33791  10
33792  49
33795  10
33796  29
33799  29
33801  20
33810  79
33811  13
33847  344
33856  81
33857  30
33866  77
33867  73
33871  20
33873  72
33874  36
33892  218
33894  98
33919  56
33923  35
33925  48
33935  30
33938  53
33939  22
33949  109
33950  10
33952  64
33957  70
33969  37
33973  100
33978  27
33979  15
33980  25
33982  48
33986  40
34001  184
34002  24
34005  55
34006  42
34021  51
34033  33
34034  11
34071  308
34101  192
34121  174
34122  32
34131  282
34138  90
34141  35
34142  253
34143  30
34147  65
34148  42
34151  124
34159  69
34173  46
34174  61
34177  11
34178  41
34179  30
34183  50
34184  20
34189  85
34190  20
34191  16
34194  47
34198  38
34199  10
34200  10
34203  12
34204  18
34205  24
34206  10
34222  129
34224  26
34236  163
34241  54
34242  68
34264  76
34266  20
34267  13
34268  33
34276  48
34288  42
34298  112
34305  180
34310  13
34364  218
34376  88
34397  133
34399  30
34402  48
34417  142
34421  54
34441  119
34463  197
34464  12
34475  81
34476  36
34477  89
34481  42
34483  46
34484  10
34503  73
34505  9
34513  132
34519  176
34546  195
34558  35
34566  66
34569  27
34570  32
34596  260
34598  20
34605  57
34606  30
34611  32
34618  88
34620  72
34623  73
34627  199
34628  24
34633  114
34646  137
34649  60
34665  41
34669  147
34670  19
34671  21
34672  42
34675  49
34677  124
34735  331
34740  154
34742  45
34744  55
34746  49
34747  20
34787  150
34790  38
34797  43
34800  152
34801  8
34803  64
34810  109
34813  99
34814  60
34820  75
34821  10
34822  39
34824  20
34827  32
34829  10
34830  10
34849  77
34850  28
34855  89
34869  141
34871  89
34891  268
34926  370
34931  123
34932  82
34948  134
34952  20
34958  54
34959  20
34960  11
34961  55
34989  184
34990  63
35001  78
35002  15
35021  154
35022  32
35023  35
35025  90
35026  55
35037  97
35040  56
35042  97
35043  13
35044  28
35045  29
35054  85
35059  123
35060  28
35062  20
35063  20
35064  30
35065  10
35067  179
35096  190
35103  69
35107  87
35108  15
35109  34
35110  99
35113  248
35114  60
35116  11
35117  16
35119  7
35132  79
35133  40
35135  107
35136  25
35140  50
35141  25
35154  195
35178  143
35204  203
35207  15
35208  27
35211  48
35215  53
35216  12
35217  23
35220  78
35236  191
35242  35
35244  25
35245  16
35247  94
35250  32
35280  306
35300  116
35301  37
35336  181
35338  9
35339  41
35363  89
35370  20
35372  58
35376  86
35424  370
35427  49
35439  70
35455  195
35480  203
35481  188
35482  17
35483  10
35488  232
35606  370
35630  306
35631  13
35632  51
35639  73
35641  49
35642  54
35643  30
35644  30
35651  104
35652  18
35665  169
35689  24
35697  64
35698  35
35699  10
35700  57
35703  104
35707  81
35725  181
35736  149
35750  267
35761  87
35762  10
35794  195
35798  51
35835  188
35836  29
35863  151
35867  51
35892  109
35894  43
35910  155
35911  42
35912  10
35914  66
35916  10
35941  34
35948  28
35949  33
36010  306
36011  77
36019  179
36033  166
36039  126
36071  156
36072  10
36077  98
36083  49
36084  10
36103  281
36104  53
36109  42
36110  13
36112  106
36115  10
36116  10
36117  10
36138  195
36143  26
36144  48
36148  154
36150  20
36154  16
36156  8
36163  133
36180  111
36192  120
36193  94
36209  138
36212  55
36213  7
36223  91
36228  59
36235  46
36237  8
36255  96
36267  147
36278  130
36279  29
36290  195
36322  159
36323  34
36324  44
36340  119
36341  51
36342  13
36383  195
36398  69
36400  23
36406  23
36412  24
36415  31
36417  20
36418  18
36438  159
36456  189
36459  78
36472  128
36481  168
36483  38
36484  18
36494  126
36500  218
36505  118
36522  111
36523  48
36525  7
36540  208
36578  234
36581  31
36585  45
36586  27
36587  22
36593  24
36594  80
36600  26
36602  7
36605  37
36606  10
36612  46
36619  49
36621  28
36626  112
36632  32
36637  52
36679  86
36682  25
36685  9
36687  160
36718  130
36722  27
36729  47
36767  218
36768  28
36772  124
36775  85
36777  45
36778  35
36783  130
36787  68
36800  103
36805  96
36860  370
36862  26
36865  62
36884  96
36890  50
36891  10
36894  45
36899  63
36902  50
36904  10
36907  99
36911  33
36913  6
36914  10
36916  29
36924  13
36925  28
36926  39
36927  30
36928  30
36939  46
36949  65
36965  116
36998  182
36999  7
37000  28
37003  79
37008  156
37011  20
37013  18
37025  139
37031  43
37042  20
37049  22
37050  9
37054  20
37058  38
37059  104
37063  37
37066  58
37072  22
37077  53
37079  92
37082  68
37108  138
37112  48
37152  175
37155  48
37163  27
37164  107
37165  66
37166  16
37168  10
37174  27
37185  52
37191  62
37192  10
37195  10
37199  23
37219  45
37220  46
37221  13
37233  105
37238  59
37239  19
37244  113
37259  142
37268  134
37286  170
37292  51
37293  69
37295  157
37303  106
37312  36
37313  24
37332  235
37334  39
37343  53
37344  20
37359  95
37360  48
37364  7
37367  29
37368  9
37369  20
37372  33
37380  82
37386  58
37390  82
37392  98
37393  82
37395  10
37396  20
37417  146
37418  46
37419  32
37420  55
37422  42
37442  101
37482  271
37485  25
37486  41
37488  49
37490  47
37500  45
37502  9
37503  10
37512  29
37520  74
37522  25
37538  184
37539  27
37571  86
37616  222
37626  69
37647  161
37653  37
37658  49
37659  54
37660  47
37661  20
37662  54
37663  15
37664  20
37666  26
37667  27
37716  202
37719  61
37720  93
37726  38
37737  173
37780  218
37781  12
37799  74
37800  40
37806  34
37835  100
37837  8
37851  74
37867  134
37869  46
37871  131
37876  74
37880  17
37884  31
37887  137
37892  42
37893  147
37932  318
37934  20
37936  42
37939  299
37941  33
37944  169
37947  115
37953  96
37957  37
37959  43
37962  22
37963  425
37967  51
37972  101
37978  44
37983  123
37999  13
38001  141
38011  101
38012  26
38015  20
38016  8
38018  20
38025  187
38038  101
38052  81
38055  425
38057  128
38059  43
38074  86
38076  58
38081  6
38084  16
38089  33
38090  30
38092  43
38096  110
38107  104
38109  10
38111  74
38112  253
38122  92
38123  24
38124  79
38127  37
38133  76
38134  66
38142  279
38145  90
38150  20
38151  18
38161  85
38163  33
38164  43
38167  20
38203  120
38204  60
38205  18
38210  40
38253  274
38254  20
38256  152
38264  69
38266  39
38300  137
38315  91
38316  26
38327  54
38330  40
38332  38
38333  27
38334  40
38341  9
38354  30
38361  41
38364  16
38365  15
38369  66
38374  99
38375  53
38379  10
38384  69
38419  127
38420  40
38422  16
38425  40
38434  39
38435  24
38436  10
38438  32
38439  34
38445  32
38465  153
38466  53
38467  28
38470  23
38480  185
38484  70
38485  22
38492  120
38493  9
38494  22
38495  23
38499  24
38500  425
38504  42
38505  42
38507  51
38614  238
38615  89
38617  40
38619  12
38622  15
38625  33
38628  45
38656  284
38660  94
38682  161
38705  91
38706  12
38707  51
38730  181
38734  63
38742  28
38745  20
38747  50
38767  191
38785  80
38787  55
38818  99
38821  77
38823  123
38824  26
38825  6
38826  253
38829  16
38831  174
38832  20
38837  86
38847  191
38850  20
38851  53
38860  10
38861  10
38865  37
38867  47
38868  10
38870  19
38891  154
38892  253
38894  13
38895  30
38924  67
38926  44
38929  97
38931  10
38937  19
38945  52
38946  62
38949  48
38954  30
38955  78
38956  103
38957  46
38958  20
38964  71
38965  262
38971  95
38987  32
39004  108
39020  136
39021  43
39030  35
39031  30
39037  156
39039  51
39040  20
39044  62
39045  30
39053  99
39069  171
39073  10
39074  20
39076  8
39085  425
39086  35
39087  24
39088  10
39095  106
39115  56
39119  86
39125  41
39127  41
39128  10
39130  10
39144  68
39145  41
39146  59
39147  40
39149  10
39162  67
39165  41
39169  20
39173  70
39174  78
39176  64
39177  33
39182  138
39183  63
39184  56
39190  77
39192  13
39193  31
39195  70
39196  55
39197  10
39199  46
39202  48
39203  33
39231  58
39235  9
39236  10
39239  50
39242  67
39243  41
39244  23
39253  133
39262  55
39264  51
39266  13
39267  13
39271  48
39272  56
39273  10
39274  20
39277  68
39299  101
39300  30
39301  20
39320  39
39321  18
39322  20
39323  42
39325  16
39331  84
39332  37
39336  39
39340  72
39345  93
39346  36
39348  13
39366  185
39367  21
39368  10
39369  20
39370  24
39378  170
39381  50
39382  10
39383  9
39386  61
39402  157
39408  21
39410  27
39434  77
39437  81
39439  21
39440  35
39441  19
39444  19
39445  19
39460  139
39469  91
39471  8
39478  123
39483  59
39498  70
39501  52
39523  110
39534  117
39548  154
39549  40
39551  10
39552  10
39555  139
39582  83
39583  14
39584  14
39586  7
39588  10
39598  56
39600  33
39601  39
39602  18
39604  25
39606  22
39607  35
39608  63
39611  58
39613  10
39614  16
39616  19
39647  206
39648  79
39659  301
39688  201
39696  69
39723  370
39728  78
39731  103
39773  218
39775  13
39776  10
39777  40
39778  20
39791  92
39803  255
39807  119
39808  30
39810  25
39811  26
39835  119
39837  72
39861  140
39862  12
39916  202
39917  28
39920  172
39924  38
39925  52
39929  44
39935  43
39941  51
39942  20
39946  27
39957  46
39959  95
39960  65
39961  20
39962  10
39963  28
39964  20
39976  10
39984  238
40010  76
40012  92
40014  186
40015  95
40017  95
40019  13
40041  151
40042  17
40045  45
40047  43
40048  30
40053  60
40061  71
40077  141
40079  74
40080  15
40081  25
40092  69
40098  48
40100  37
40101  12
40104  34
40105  40
40112  59
40113  40
40115  25
40130  58
40134  10
40135  36
40140  69
40147  117
40148  33
40153  55
40154  40
40183  17
40187  140
40192  24
40193  30
40221  105
40222  55
40223  10
40231  45
40262  272
40272  152
40274  59
40275  24
40280  86
40289  43
40290  16
40291  22
40292  15
40297  10
40298  15
40302  17
40303  48
40316  73
40317  84
40322  38
40327  60
40328  21
40329  41
40330  92
40333  24
40334  10
40345  220
40346  55
40347  10
40348  9
40351  20
40359  157
40360  48
40366  25
40369  26
40370  262
40381  27
40382  20
40384  60
40385  47
40390  30
40391  20
40392  10
40396  7
40399  30
40400  42
40405  68
40407  28
40409  51
40410  38
40419  89
40423  42
40430  112
40434  47
40435  425
40438  104
40439  56
40444  177
40517  370
40518  36
40519  27
40524  50
40528  151
40529  70
40531  74
40536  91
40539  10
40559  210
40560  49
40561  20
40562  34
40564  34
40578  81
40579  33
40580  6
40584  79
40592  54
40594  57
40595  6
40625  195
40631  67
40634  63
40635  49
40655  120
40656  28
40663  227
40665  13
40666  55
40674  88
40675  253
40680  48
40691  102
40698  78
40699  28
40700  23
40707  24
40709  85
40719  179
40730  55
40732  20
40737  86
40750  43
40751  10
40803  218
40805  24
40806  23
40808  8
40815  54
40816  63
40817  21
40852  181
40894  344
40895  14
40897  26
40898  90
40905  68
40906  47
40907  68
40908  36
40909  63
40915  24
40924  192
40936  77
40937  51
40938  19
40947  34
40948  32
40949  58
40987  49
40989  60
40994  30
41007  241
41008  10
41010  20
41011  38
41012  98
41028  99
41032  25
41033  13
41035  21
41043  96
41049  92
41074  156
41075  36
41084  121
41092  136
41094  14
41095  15
41097  15
41098  30
41099  38
41101  48
41104  21
41109  6
41115  141
41127  108
41135  34
41137  98
41138  20
41143  44
41167  197
41168  10
41172  74
41176  59
41179  11
41180  7
41188  65
41192  44
41193  20
41194  45
41196  63
41198  10
41199  30
41200  33
41201  22
41203  18
41205  44
41221  195
41238  89
41240  13
41247  52
41248  29
41270  225
41302  242
41303  20
41305  8
41308  27
41317  116
41320  62
41322  41
41338  100
41339  30
41342  19
41343  47
41362  27
41378  197
41379  44
41388  69
41392  57
41395  36
41398  39
41400  27
41409  64
41410  37
41413  23
41415  19
41419  53
41420  30
41423  9
41424  10
41427  20
41432  90
41458  185
41459  16
41465  104
41467  40
41468  19
41469  10
41477  94
41479  18
41480  43
41484  13
41485  31
41486  30
41494  24
41518  195
41519  8
41520  13
41522  111
41534  95
41537  112
41538  19
41541  29
41544  57
41546  40
41550  16
41588  174
41589  20
41595  111
41601  107
41608  6
41609  68
41610  10
41611  106
41687  370
41688  50
41696  81
41697  10
41699  10
41700  20
41759  230
41761  27
41767  41
41769  46
41792  70
41793  20
41804  155
41812  22
41816  15
41817  38
41823  98
41826  43
41830  22
41831  20
41832  64
41833  54
41837  10
41839  10
41840  30
41843  26
41844  10
41846  17
41847  73
41853  25
41857  25
41858  20
41896  195
41901  34
41902  30
41906  18
41908  45
41912  54
41919  34
41920  20
41928  76
41932  26
41935  49
41936  10
41940  43
41942  20
41943  103
41948  68
41949  11
41958  23
41967  105
41973  102
41974  30
41977  43
41979  104
41981  38
42001  96
42006  13
42008  74
42018  176
42019  14
42029  141
42038  31
42043  18
42044  23
42067  238
42068  56
42072  31
42073  10
42074  38
42077  67
42162  235
42163  24
42186  157
42187  34
42198  164
42207  213
42230  210
42231  30
42234  48
42260  82
42261  19
42274  79
42276  38
42277  15
42281  48
42283  16
42287  91
42288  19
42290  40
42292  19
42294  45
42304  164
42318  36
42323  66
42325  78
42326  12
42329  59
42330  27
42341  184
42342  22
42345  10
42358  52
42365  59
42378  124
42384  31
42385  38
42388  38
42391  42
42392  13
42394  50
42396  58
42399  76
42400  23
42431  83
42444  83
42445  22
42446  27
42460  59
42466  83
42471  17
42472  18
42473  19
42481  52
42486  64
42487  35
42491  71
42493  20
42495  31
42496  21
42497  16
42499  17
42500  44
42501  10
42502  10
42503  10
42505  35
42506  37
42507  20
42516  91
42517  10
42521  90
42528  93
42529  13
42533  50
42535  135
42538  122
42581  329
42582  25
42584  96
42595  218
42597  68
42600  10
42610  30
42614  30
42618  70
42619  38
42632  62
42653  199
42687  185
42691  8
42698  42
42725  166
42727  16
42730  20
42731  16
42732  19
42734  22
42735  13
42742  55
42770  133
42773  10
42775  18
42782  85
42783  20
42788  99
42789  20
42804  152
42814  103
42815  55
42818  8
42819  425
42821  73
42856  83
42857  20
42859  63
42869  22
42880  114
42886  45
42889  61
42890  18
42891  10
42892  57
42894  60
42897  116
42913  149
42914  45
42915  40
42917  23
42918  53
42923  31
42925  8
42935  89
42940  81
42942  10
42943  10
42944  30
42945  10
42946  55
42951  35
42952  75
42995  274
42999  116
43000  40
43002  110
43004  91
43013  77
43016  154
43018  13
43034  84
43037  84
43049  26
43050  20
43076  161
43080  174
43090  149
43095  30
43099  96
43100  60
43105  34
43136  85
43144  87
43150  34
43151  10
43156  88
43169  82
43171  9
43182  63
43226  286
43230  19
43231  31
43233  27
43242  64
43246  22
43257  33
43258  33
43259  40
43260  13
43270  19
43272  53
43273  62
43284  10
43290  23
43318  171
43345  209
43346  42
43348  48
43356  148
43361  152
43371  69
43393  166
43396  48
43425  192
43430  31
43435  32
43481  153
43482  29
43484  75
43485  30
43486  10
43491  82
43517  87
43520  10
43541  129
43543  79
43547  12
43548  10
43550  17
43551  53
43552  24
43553  27
43555  10
43558  28
43561  56
43562  94
43566  123
43576  92
43579  14
43583  7
43588  38
43589  10
43590  53
43686  282
43687  13
43692  23
43700  168
43701  19
43717  128
43718  37
43720  51
43723  27
43724  27
43729  13
43730  10
43731  14
43733  85
43736  55
43738  35
43739  33
43740  51
43741  19
43744  26
43745  10
43750  10
43751  12
43752  30
43753  20
43755  10
43768  76
43769  12
43776  101
43777  20
43779  6
43783  27
43785  16
43791  62
43796  38
43797  45
43798  45
43801  42
43803  58
43811  60
43812  26
43822  85
43826  105
43864  210
43867  63
43879  137
43889  111
43895  13
43905  40
43907  34
43908  6
43913  94
43919  79
43920  20
43948  265
43952  13
43974  182
43977  47
43978  38
43993  88
43994  126
43999  65
44004  69
44005  27
44007  20
44022  137
44029  123
44065  68
44066  12
44068  27
44072  10
44100  151
44104  85
44105  36
44106  41
44107  23
44262  282
44263  10
44267  9
44275  41
44287  14
44288  16
44289  33
44297  60
44305  130
44316  32
44321  48
44324  16
44325  67
44326  12
44329  57
44332  32
44350  182
44359  29
44370  261
44392  215
44394  120
44427  238
44430  11
44434  29
44436  9
44438  20
44442  7
44446  65
44448  30
44454  76
44467  125
44515  306
44516  48
44534  120
44537  42
44540  48
44541  16
44543  70
44545  44
44547  53
44550  46
44551  31
44555  61
44556  14
44567  120
44571  20
44572  109
44574  43
44577  43
44583  54
44594  107
44598  36
44599  60
44600  46
44605  20
44610  10
44614  73
44618  16
44621  34
44631  44
44646  24
44647  79
44674  124
44676  35
44683  43
44685  59
44686  7
44688  25
44697  89
44705  66
44721  192
44723  30
44736  162
44753  235
44755  80
44757  58
44762  188
44764  10
44765  10
44782  114
44784  25
44787  39
44791  27
44793  10
44803  71
44804  21
44805  281
44820  232
44831  139
44842  132
44847  14
44848  17
44851  26
44860  137
44862  67
44866  24
44868  39
44870  61
44872  27
44873  42
44877  41
44883  81
44884  24
44886  35
44934  370
44936  25
44937  58
44947  97
44949  45
44950  33
44955  80
44977  181
44978  10
44983  39
44990  45
44992  92
44996  15
44997  43
44998  30
45008  128
45010  57
45015  84
45018  27
45024  54
45025  16
45026  43
45027  63
45031  79
45032  40
45034  80
45079  324
45081  32
45107  274
45121  103
45123  84
45124  10
45128  201
45135  72
45142  48
45145  11
45157  58
45158  22
45159  18
45169  19
45181  242
45182  10
45184  36
45186  23
45187  9
45188  33
45189  20
45190  18
45191  18
45193  60
45194  33
45195  30
45199  38
45200  45
45205  82
45215  13
45226  82
45230  129
45233  66
45234  48
45237  23
45319  318
45323  24
45325  35
45326  10
45339  157
45385  326
45389  26
45390  33
45391  10
45402  40
45403  44
45405  25
45406  33
45417  182
45419  38
45420  31
45446  87
45460  62
45461  64
45464  32
45466  119
45467  10
45485  30
45486  52
45487  43
45495  79
45496  19
45521  255
45523  177
45524  32
45525  33
45526  281
45536  66
45539  29
45541  42
45543  96
45546  76
45556  155
45562  19
45565  33
45569  76
45570  17
45571  15
45574  38
45575  62
45605  40
45632  105
45633  15
45643  62
45648  46
45649  18
45651  25
45656  43
45663  38
45666  74
45669  38
45692  234
45697  23
45699  16
45712  175
45715  52
45736  147
45739  151
45749  267
45750  15
45754  27
45756  39
45758  77
45766  89
45771  53
45775  31
45778  21
45844  370
45848  36
45849  67
45850  39
45863  196
45869  73
45878  136
45879  44
45884  49
45885  48
45898  76
45904  112
45905  10
45920  121
45924  48
45926  45
45942  111
45945  23
45953  53
45963  149
45983  82
46001  312
46064  301
46065  113
46077  197
46139  325
46140  20
46160  205
46161  31
46186  218
46193  81
46237  312
46247  69
46250  66
46251  37
46262  56
46264  28
46265  55
46266  18
46269  53
46270  26
46271  15
46272  53
46274  23
46279  80
46281  13
46297  108
46311  265
46314  32
46325  92
46338  90
46339  20
46343  49
46344  425
46346  64
46350  31
46357  21
46360  42
46361  55
46364  48
46377  87
46402  192
46404  56
46405  10
46406  17
46407  17
46419  112
46443  248
46444  20
46464  137
46471  30
46472  43
46478  20
46483  43
46484  10
46486  64
46487  33
46497  84
46499  37
46501  108
46507  31
46509  11
46511  29
46513  40
46515  19
46517  55
46534  109
46536  19
46541  41
46542  33
46551  79
46557  33
46558  23
46569  60
46571  53
46572  70
46573  13
46574  10
46575  14
46585  26
46598  190
46616  109
46624  48
46630  94
46632  27
46634  154
46660  104
46661  15
46662  64
46663  39
46665  24
46666  20
46670  137
46671  22
46672  35
46695  370
46703  175
46718  221
46719  15
46725  11
46727  15
46728  40
46740  138
46745  8
46759  74
46760  19
46764  60
46786  103
46788  17
46790  11
46791  31
46798  114
46804  58
46808  25
46814  67
46823  19
46824  24
46850  263
46852  60
46854  23
46857  21
46859  57
46861  28
46865  107
46866  26
46869  22
46870  44
46872  27
46873  29
46876  98
46879  59
46894  265
46895  29
46896  76
46903  41
46909  119
46919  125
46920  160
46921  89
46924  18
46932  60
46933  48
46950  107
46963  61
46973  103
46975  41
46981  21
46983  16
46993  83
46995  132
46998  56
47002  35
47004  37
47049  177
47051  10
47053  20
47057  43
47058  10
47059  33
47064  56
47074  71
47075  19
47085  16
47086  23
47116  260
47132  89
47146  156
47152  32
47153  8
47175  60
47200  282
47212  53
47217  56
47219  10
47226  125
47228  21
47229  33
47230  21
47231  10
47233  9
47238  38
47244  84
47249  7
47263  70
47283  151
47293  187
47294  30
47295  20
47317  179
47339  104
47341  59
47344  14
47357  153
47358  11
47359  40
47364  115
47374  160
47390  192
47391  79
47392  57
47399  19
47400  37
47401  43
47406  71
47409  71
47410  70
47415  59
47416  13
47421  10
47429  59
47430  11
47433  39
47435  12
47441  22
47445  21
47451  52
47454  28
47455  15
47458  124
47459  35
47483  65
47485  58
47486  56
47490  88
47491  24
47492  48
47509  188
47510  40
47514  149
47515  81
47518  58
47519  84
47523  18
47525  20
47526  21
47527  52
47541  195
47542  425
47543  39
47544  68
47546  75
47551  97
47552  13
47566  146
47569  132
47574  30
47580  109
47582  53
47583  20
47588  13
47594  51
47597  79
47598  15
47602  62
47603  32
47604  18
47605  13
47610  51
47614  11
47623  86
47642  134
47646  15
47647  15
47677  188
47681  17
47703  191
47712  107
47713  11
47714  45
47725  171
47747  112
47748  10
47752  51
47770  129
47773  78
47775  102
47776  18
47814  109
47817  19
47822  84
47827  53
47832  37
47861  265
47864  10
47869  111
47871  38
47877  43
47878  9
47880  7
47884  76
47886  10
47896  116
47897  20
47899  71
47901  123
47907  147
47911  163
47924  53
47927  10
47934  22
47939  70
47942  38
47943  124
47946  36
47948  98
47949  16
47967  79
47969  37
47975  10
48002  221
48004  57
48022  324
48024  82
48028  55
48031  195
48032  42
48073  111
48076  128
48082  13
48089  97
48090  19
48095  51
48098  425
48104  58
48109  20
48120  165
48122  90
48125  124
48127  38
48138  73
48192  370
48198  34
48201  17
48212  122
48248  103
48251  50
48252  26
48262  114
48263  40
48264  73
48299  111
48300  30
48307  19
48327  224
48343  172
48387  184
48388  68
48389  38
48391  44
48393  10
48405  167
48407  11
48409  12
48411  86
48413  27
48414  27
48427  117
48431  36
48437  94
48438  51
48441  47
48442  36
48570  370
48571  17
48576  104
48577  18
48583  111
48584  10
48604  76
48605  14
48611  33
48624  141
48634  154
48637  60
48666  192
48674  21
48677  36
48724  282
48727  28
48729  160
48733  79
48735  134
48736  10
48744  171
48747  25
48758  102
48759  20
48773  285
48777  30
48778  89
48779  23
48780  43
48795  171
48800  14
48804  19
48805  10
48809  16
48823  188
48824  20
48829  54
48830  13
48835  28
48851  173
48868  150
48871  10
48878  62
48881  19
48882  22
48883  13
48886  147
48891  86
48895  56
48896  31
48898  35
48899  20
48900  31
48901  33
48903  111
48904  17
48908  22
48915  38
48973  370
48976  70
48984  30
48993  187
49001  127
49016  39
49018  77
49022  21
49031  77
49033  58
49040  61
49045  33
49046  20
49069  128
49074  425
49076  20
49086  56
49090  45
49092  97
49096  197
49098  86
49105  151
49108  10
49109  10
49110  7
49118  116
49121  48
49143  135
49149  74
49150  39
49151  48
49153  10
49154  16
49161  31
49165  154
49166  27
49172  130
49173  55
49174  47
49176  30
49177  50
49181  178
49182  16
49184  30
49190  88
49192  38
49199  74
49216  151
49219  20
49220  34
49223  63
49225  83
49254  88
49295  242
49299  182
49300  8
49301  21
49303  21
49304  253
49313  40
49332  191
49333  49
49334  9
49340  83
49356  186
49369  163
49382  83
49418  282
49421  40
49427  14
49430  11
49431  74
49432  17
49435  10
49436  12
49437  30
49449  31
49452  10
49453  7
49455  73
49457  10
49458  38
49460  85
49466  108
49471  35
49473  64
49480  106
49509  172
49511  17
49516  40
49517  71
49541  370
49543  53
49544  11
49545  15
49548  39
49553  42
49554  33
49563  134
49566  69
49573  133
49600  337
49601  13
49607  51
49642  175
49658  242
49667  11
49668  55
49669  24
49671  29
49676  18
49677  30
49678  24
49681  64
49690  46
49691  37
49693  10
49726  174
49727  27
49743  173
49764  176
49765  10
49794  246
49804  100
49805  87
49817  92
49820  19
49842  116
49849  13
49865  92
49875  68
49878  10
49879  43
49908  268
49910  15
49929  195
49939  325
49941  45
49948  121
49951  176
49958  425
49962  29
49964  154
49967  10
49970  44
49971  60
49978  101
49983  84
49984  26
49993  48
50002  147
50029  113
50033  38
50052  186
50054  46
50055  20
50056  64
50073  210
50079  16
50081  34
50084  65
50085  50
50090  69
50109  107
50110  33
50112  17
50118  72
50130  99
50149  147
50151  102
50152  26
50155  20
50158  15
50159  78
50160  10
50182  162
50183  39
50192  155
50205  171
50213  108
50231  134
50234  85
50243  43
50252  20
50270  159
50271  28
50272  12
50278  39
50279  56
50288  182
50295  280
50296  14
50300  76
50302  37
50306  34
50323  77
50324  28
50326  38
50330  177
50331  8
50332  104
50333  10
50360  74
50362  10
50363  81
50367  24
50371  57
50372  14
50386  39
50390  33
50400  83
50403  105
50406  115
50415  81
50416  27
50417  8
50418  10
50434  32
50435  5
50437  64
50445  99
50449  102
50481  74
50482  19
50483  13
50487  68
50489  55
50514  109
50515  29
50518  48
50568  325
50569  32
50572  42
50575  26
50576  8
50581  38
50583  22
50584  67
50586  47
50597  111
50600  41
50616  70
50620  119
50623  68
50624  43
50627  65
50634  10
50636  56
50637  34
50642  111
50643  51
50644  72
50645  29
50653  96
50655  40
50656  53
50657  48
50658  20
50659  41
50662  55
50663  10
50673  85
50674  10
50676  24
50677  20
50679  30
50682  17
50683  10
50684  53
50685  28
50688  28
50689  10
50690  33
50691  27
50692  10
50699  144
50702  50
50709  43
50711  13
50713  52
50714  30
50736  238
50737  37
50738  79
50747  209
50748  9
50749  32
50753  13
50760  10
50786  195
50789  29
50790  36
50791  42
50792  26
50794  42
50800  76
50814  76
50815  17
50830  136
50831  62
50835  161
50839  14
50842  47
50843  28
50850  38
50878  172
50884  84
50892  69
50893  10
50895  13
50896  13
50913  235
50915  10
50922  18
50924  27
50935  87
50937  57
50938  48
50943  45
50947  79
50957  37
50958  14
50966  69
50970  156
50972  113
50973  12
50977  15
50989  116
50996  56
51028  286
51030  123
51036  59
51044  10
51045  7
51053  82
51070  118
51074  83
51075  75
51076  66
51090  91
51092  43
51099  69
51108  37
51109  53
51110  21
51112  35
51115  39
51121  47
51122  37
51123  30
51138  69
51143  72
51144  27
51147  54
51152  60
51157  35
51160  225
51161  20
51162  42
51163  30
51173  10
51176  26
51183  10
51184  11
51185  49
51186  15
51189  46
51191  111
51204  93
51207  31
51210  73
51215  56
51219  72
51220  20
51221  56
51233  88
51235  85
51240  171
51245  46
51246  98
51249  20
51252  24
51259  29
51263  14
51264  20
51266  71
51268  126
51269  30
51271  42
51277  141
51293  181
51294  425
51299  34
51300  10
51301  22
51303  30
51327  286
51332  59
51333  46
51334  10
51336  53
51348  147
51351  38
51355  109
51362  13
51374  133
51376  9
51380  18
51382  253
51388  119
51397  27
51405  42
51406  33
51408  26
51411  51
51413  19
51416  19
51425  54
51426  15
51427  14
51438  195
51439  19
51464  286
51466  40
51477  207
51482  70
51498  103
51512  174
51513  10
51514  30
51518  42
51520  55
51521  10
51523  24
51529  52
51548  172
51549  19
51553  27
51565  41
51566  17
51567  54
51569  90
51574  30
51575  35
51576  19
51604  116
51605  31
51606  54
51609  26
51612  51
51615  84
51659  234
51661  82
51679  194
51690  99
51693  68
51706  160
51707  148
51708  10
51719  48
51720  184
51739  134
51741  42
51742  55
51751  78
51761  119
51763  123
51771  51
51775  18
51783  170
51784  53
51791  116
51808  48
51824  146
51825  132
51827  48
51831  24
51833  53
51839  53
51840  425
51844  54
51848  57
51851  80
51857  14
51859  72
51860  66
51876  185
51879  40
51890  128
51891  14
51901  72
51902  64
51903  29
51911  61
51912  39
51962  326
51984  197
51985  124
51989  182
52004  20
52007  84
52009  9
52012  77
52013  32
52017  138
52024  108
52025  144
52027  6
52030  44
52031  34
52033  32
52038  53
52042  24
52044  26
52050  62
52051  30
52053  55
52055  55
52058  100
52061  10
52116  306
52121  105
52123  20
52149  179
52151  43
52160  10
52161  30
52167  36
52169  24
52184  245
52185  10
52191  194
52193  13
52194  25
52195  32
52204  132
52205  30
52207  30
52208  29
52237  218
52238  32
52239  10
52240  9
52253  52
52259  54
52260  14
52271  33
52274  41
52276  40
52280  49
52282  22
52301  49
52303  31
52313  67
52314  11
52315  40
52320  21
52322  18
52333  55
52344  84
52347  44
52349  54
52351  30
52364  124
52373  101
52419  194
52429  126
52431  33
52432  23
52435  16
52436  13
52458  82
52463  62
52464  10
52470  108
52477  67
52481  63
52491  64
52492  61
52498  23
52506  56
52507  28
52508  15
52510  8
52516  65
52517  32
52529  20
52544  16
52556  38
52557  39
52558  46
52565  20
52622  174
52628  163
52629  16
52630  18
52634  35
52635  24
52637  40
52659  50
52662  39
52676  36
52677  44
52680  30
52681  6
52690  209
52695  94
52700  100
52701  21
52702  68
52708  54
52711  16
52712  10
52714  51
52716  24
52719  137
52725  62
52728  51
52747  84
52749  8
52750  10
52753  93
52761  111
52762  253
52763  10
52764  10
52766  30
52769  30
52771  67
52772  60
52820  147
52827  62
52835  26
52839  64
52841  26
52843  11
52860  79
52861  15
52864  18
52866  20
52868  23
52883  264
52889  99
52901  75
52913  154
52914  30
52916  11
52919  136
52920  38
52922  15
52923  46
52924  15
52925  6
52928  70
52933  64
52946  85
52948  20
52956  124
52957  20
52958  19
52959  22
52960  40
52964  45
52967  10
52976  15
52979  46
52986  188
52992  143
52993  46
53023  20
53024  37
53026  19
53029  57
53037  71
53045  95
53054  127
53055  20
53058  116
53064  69
53065  27
53070  64
53075  49
53086  218
53088  135
53091  29
53102  164
53105  25
53132  144
53137  68
53159  225
53160  10
53161  13
53192  95
53196  299
53238  294
53241  32
53245  19
53268  124
53270  68
53282  38
53283  10
53302  124
53304  31
53308  17
53309  15
53316  105
53320  35
53321  29
53322  69
53323  6
53324  28
53328  68
53349  162
53350  19
53351  16
53355  64
53387  174
53406  174
53407  37
53408  57
53410  27
53420  38
53426  53
53439  40
53440  10
53441  73
53442  47
53444  281
53450  425
53454  32
53456  39
53458  56
53469  52
53481  234
53483  25
53495  68
53498  93
53499  37
53501  45
53502  17
53506  106
53510  65
53513  53
53514  36
53515  23
53516  33
53517  19
53520  72
53521  10
53528  62
53540  195
53541  53
53601  195
53616  37
53617  22
53625  49
53627  41
53633  73
53638  86
53642  43
53643  37
53644  20
53649  86
53676  176
53681  93
53684  21
53688  11
53689  10
53690  11
53693  41
53695  72
53707  107
53709  27
53715  64
53721  44
53722  66
53733  39
53735  15
53736  107
53737  49
53746  99
53748  88
53749  40
53752  9
53777  102
53784  58
53788  42
53797  48
53798  21
53801  36
53809  21
53825  159
53844  148
53864  19
53866  29
53874  100
53875  26
53907  157
53909  45
53910  20
53915  47
53925  99
53926  30
53927  21
53930  99
53942  105
53974  85
53976  11
53995  24
53996  24
53997  23
53999  29
54000  41
54001  47
54012  91
54015  94
54042  159
54043  29
54044  27
54048  31
54049  31
54050  27
54051  22
54076  242
54079  32
54080  24
54086  115
54087  49
54094  148
54097  10
54098  30
54099  14
54112  58
54113  10
54118  125
54120  13
54122  21
54123  65
54125  8
54126  20
54128  19
54129  59
54164  54
54178  134
54179  10
54218  179
54241  66
54242  10
54251  54
54252  30
54253  15
54255  54
54259  73
54261  10
54262  36
54263  10
54265  44
54268  32
54271  80
54274  53
54275  15
54278  43
54310  115
54311  30
54313  48
54314  42
54321  197
54326  87
54330  20
54333  36
54334  46
54369  192
54375  134
54424  325
54429  13
54465  188
54519  222
54536  81
54540  59
54556  275
54557  20
54558  12
54559  24
54561  23
54567  50
54573  65
54574  10
54576  154
54577  8
54589  20
54590  43
54591  10
54594  20
54595  10
54596  28
54615  184
54619  41
54620  13
54621  16
54624  58
54626  14
54652  210
54654  42
54655  18
54656  63
54665  87
54666  29
54667  14
54675  49
54691  172
54696  163
54698  40
54699  82
54710  106
54711  18
54712  41
54714  90
54717  44
54785  370
54786  82
54787  6
54788  33
54789  39
54790  31
54802  84
54803  20
54807  8
54809  21
54810  41
54814  31
54815  47
54818  79
54843  144
54844  18
54845  253
54846  87
54915  225
54919  31
54948  103
54987  274
54988  31
55079  260
55095  112
55119  181
55120  42
55126  115
55129  54
55133  45
55140  99
55158  145
55160  82
55161  8
55162  41
55165  26
55166  35
55167  72
55173  38
55180  93
55181  32
55182  10
55186  43
55188  9
55210  128
55212  50
55218  61
55229  33
55231  48
55259  329
55260  10
55262  25
55263  6
55265  37
55266  37
55277  23
55281  7
55319  286
55322  38
55387  342
55442  238
55443  425
55445  10
55471  91
55479  165
55487  36
55491  62
55497  86
55498  34
55501  28
55502  30
55505  40
55511  25
55515  26
55517  62
55520  49
55545  48
55546  24
55548  64
55555  126
55558  30
55559  42
55570  235
55574  42
55575  38
55610  250
55625  130
55631  104
55636  51
55639  14
55655  75
55657  37
55667  56
55676  89
55679  30
55682  10
55684  18
55704  16
55707  77
55709  16
55735  313
55737  16
55739  27
55740  27
55743  20
55744  11
55746  14
55747  20
55748  10
55749  20
55787  209
55792  12
55797  47
55798  37
55802  104
55803  44
55805  13
55806  30
55807  10
55811  126
55814  9
55816  20
55819  38
55835  370
55837  10
55838  24
55839  30
55845  46
55850  30
55857  60
55858  27
55867  85
55869  28
55872  34
55873  26
55881  33
55924  197
55930  13
55931  21
55934  56
55935  10
55936  43
55937  20
55939  29
55951  250
55954  23
55961  36
55962  69
55963  55
55964  6
55965  43
55967  29
55970  86
55971  8
55973  39
55974  10
55976  25
56008  312
56010  101
56014  171
56015  31
56016  27
56021  43
56035  55
56038  16
56039  8
56059  151
56063  23
56071  16
56083  218
56084  31
56089  94
56090  27
56091  76
56092  10
56097  54
56120  175
56126  67
56127  18
56150  195
56151  18
56156  20
56157  10
56167  252
56168  23
56172  9
56177  40
56178  22
56184  73
56185  82
56191  20
56194  41
56227  154
56229  54
56231  16
56233  30
56237  111
56244  13
56247  32
56249  55
56256  183
56264  106
56265  24
56267  15
56269  49
56270  23
56274  91
56295  29
56297  29
56298  11
56299  12
56300  54
56305  171
56311  61
56320  49
56321  30
56331  28
56343  286
56344  66
56348  35
56382  184
56384  25
56388  44
56393  101
56424  90
56426  52
56430  23
56432  13
56437  111
56440  75
56442  28
56444  61
56473  172
56475  99
56482  169
56485  79
56486  131
56487  30
56504  133
56506  15
56518  109
56520  68
56522  15
56559  370
56561  62
56568  10
56569  59
56571  15
56581  131
56583  281
56585  32
56586  66
56602  186
56608  56
56609  26
56623  110
56628  183
56629  56
56639  65
56641  10
56644  99
56645  10
56663  286
56665  26
56667  125
56670  20
56677  85
56679  22
56685  144
56687  49
56704  175
56709  29
56712  54
56716  30
56725  63
56728  32
56759  46
56765  84
56768  70
56769  73
56775  66
56776  30
56780  50
56781  50
56798  83
56800  54
56801  38
56803  34
56805  65
56821  58
56834  47
56855  44
56867  122
56872  58
56878  32
56886  49
56910  93
56915  30
56916  253
56948  277
56970  222
56971  32
56982  68
56985  72
56995  174
56999  14
57001  34
57002  10
57004  96
57018  10
57022  80
57038  34
57050  94
57051  81
57052  82
57054  57
57061  16
57062  23
57066  19
57082  46
57084  99
57091  44
57092  44
57096  9
57097  30
57125  166
57129  48
57132  21
57133  9
57145  86
57146  20
57165  107
57173  58
57174  67
57183  48
57197  192
57206  25
57207  16
57209  82
57246  96
57249  39
57253  42
57255  51
57257  10
57259  8
57262  119
57263  15
57266  24
57269  58
57272  7
57273  281
57281  66
57282  16
57283  42
57295  86
57296  15
57297  49
57302  36
57323  142
57326  33
57332  82
57343  30
57365  183
57368  37
57369  23
57371  42
57372  18
57373  38
57374  20
57377  92
57392  253
57396  23
57398  23
57433  247
57444  54
57445  7
57448  43
57466  82
57473  63
57479  62
57492  70
57496  92
57499  66
57504  96
57506  77
57542  147
57544  63
57547  57
57549  10
57550  19
57553  35
57558  23
57584  274
57597  38
57600  10
57605  188
57606  28
57612  115
57614  15
57616  20
57618  19
57626  119
57628  93
57635  54
57638  41
57648  98
57651  23
57656  26
57673  142
57678  93
57681  21
57682  128
57738  318
57739  104
57758  45
57772  43
57781  32
57785  18
57794  101
57820  209
57829  106
57830  262
57878  218
57885  282
57920  209
57942  181
57947  195
57949  44
57957  44
58006  209
58019  149
58028  68
58029  53
58030  27
58035  78
58037  28
58040  34
58063  20
58064  37
58069  50
58075  10
58076  54
58086  104
58119  72
58120  104
58121  18
58133  184
58135  30
58147  12
58148  35
58149  20
58162  35
58166  23
58188  181
58189  76
58192  61
58194  30
58195  30
58196  26
58198  37
58199  23
58210  104
58211  21
58212  23
58222  52
58223  22
58231  126
58240  106
58247  75
58257  57
58267  85
58270  20
58276  30
58280  66
58281  41
58286  30
58301  174
58316  42
58319  62
58320  18
58323  83
58348  122
58365  171
58376  150
58377  10
58386  56
58395  165
58410  109
58414  11
58423  47
58424  70
58426  10
58427  17
58449  184
58453  46
58454  10
58455  9
58456  10
58458  9
58462  78
58466  53
58474  69
58476  40
58486  18
58493  71
58495  30
58496  12
58507  191
58508  10
58529  140
58530  8
58546  195
58549  47
58552  14
58553  13
58588  370
58590  11
58592  58
58599  36
58600  24
58611  36
58613  13
58622  166
58633  74
58650  58
58651  24
58653  74
58685  183
58687  46
58689  46
58702  143
58703  23
58704  35
58709  33
58712  85
58718  85
58729  117
58733  52
58736  77
58738  17
58748  78
58769  148
58773  30
58776  69
58784  27
58785  32
58787  64
58788  10
58792  56
58797  20
58811  40
58814  42
58822  95
58823  31
58824  29
58826  20
58830  105
58832  34
58833  15
58834  15
58838  20
58840  36
58842  18
58851  35
58852  15
58856  39
58858  18
58887  344
58888  38
58898  15
58901  18
58902  47
58914  78
58918  46
58919  44
58926  81
58928  23
58932  53
58933  29
58935  22
58965  147
58969  79
58972  33
58987  85
58988  58
58989  11
58994  72
59077  370
59078  32
59081  86
59083  34
59084  64
59085  22
59089  95
59090  16
59095  103
59096  19
59097  20
59108  24
59111  78
59119  7
59122  21
59123  12
59124  30
59125  42
59126  40
59130  18
59136  102
59141  10
59142  56
59145  40
59146  29
59148  39
59150  22
59169  203
59171  26
59190  96
59197  44
59205  86
59216  91
59220  62
59224  90
59238  71
59239  29
59260  147
59263  50
59264  54
59265  20
59268  22
59276  78
59278  8
59283  66
59295  27
59303  35
59304  13
59316  117
59343  209
59357  159
59361  59
59362  58
59363  26
59366  94
59372  141
59374  18
59375  53
59381  26
59391  135
59399  93
59400  9
59407  18
59471  370
59478  10
59512  160
59513  48
59514  10
59519  110
59521  48
59533  30
59553  112
59600  263
59621  105
59626  24
59651  103
59653  70
59682  103
59684  42
59685  20
59690  33
59692  17
59694  61
59697  21
59702  12
59703  32
59705  55
59708  10
59710  8
59715  18
59717  15
59722  38
59723  10
59730  188
59731  17
59789  225
59790  46
59797  20
59798  64
59801  18
59805  8
59806  20
59809  29
59810  23
59815  51
59819  103
59834  105
59835  9
59836  64
59840  128
59841  17
59846  49
59858  53
59861  119
59870  176
59871  45
59882  162
59883  33
59885  64
59886  30
59887  10
59889  27
59908  98
59910  20
59911  63
59916  120
59918  18
59922  30
59923  10
59925  58
59928  82
59929  25
59939  31
59941  56
59946  90
59949  41
59986  96
59990  54
59998  66
60010  83
60024  68
60025  23
60027  31
60030  14
60041  65
60043  43
60045  15
60056  33
60061  37
60068  64
60069  33
60075  53
60077  52
60084  152
60086  28
60087  34
60094  83
60095  74
60102  123
60103  44
60104  24
60106  64
60107  17
60108  9
60110  64
60123  229
60134  110
60136  51
60138  60
60140  50
60141  43
60145  52
60148  66
60150  34
60171  124
60174  14
60175  10
60177  19
60184  91
60188  140
60191  51
60216  124
60218  19
60221  10
60227  26
60246  67
60251  199
60268  218
60282  111
60284  7
60286  20
60295  111
60301  69
60311  49
60312  10
60324  101
60325  48
60332  64
60333  27
60334  46
60336  13
60337  74
60338  21
60368  242
60374  159
60375  40
60403  128
60404  23
60411  107
60421  54
60425  30
60427  14
60428  44
60440  29
60443  27
60445  281
60453  176
60481  273
60516  235
60519  74
60546  150
60554  32
60557  13
60569  169
60575  43
60580  51
60604  208
60605  28
60612  20
60614  62
60615  24
60618  70
60627  10
60632  104
60633  47
60634  29
60636  45
60645  76
60646  69
60647  18
60665  177
60678  52
60679  30
60681  55
60682  22
60683  27
60691  58
60697  37
60720  123
60728  15
60751  86
60752  22
60758  19
60759  19
60762  25
60775  263
60776  65
60797  238
60799  18
60803  38
60804  46
60805  25
60806  12
60810  59
60811  6
60814  42
60830  44
60839  72
60861  157
60863  58
60866  119
60869  123
60871  13
60872  16
60873  10
60874  13
60885  210
60926  318
60927  67
60929  82
60931  63
60932  20
60933  188
60934  33
60935  188
60940  91
60941  8
60942  14
60945  33
60948  73
60956  225
60982  116
60999  109
61000  27
61005  71
61013  19
61014  22
61020  57
61023  76
61024  29
61025  21
61032  38
61069  268
61076  15
61078  20
61079  61
61101  109
61102  46
61104  55
61129  354
61147  192
61148  43
61169  134
61170  55
61173  14
61174  17
61176  16
61178  44
61180  24
61181  15
61182  28
61184  25
61186  66
61192  76
61194  10
61196  40
61197  10
61198  8
61201  12
61202  36
61212  99
61222  100
61223  20
61232  132
61234  14
61236  25
61238  13
61247  130
61248  10
61262  183
61275  163
61289  27
61291  80
61292  262
61294  46
61295  11
61300  65
61301  53
61323  142
61324  29
61325  26
61333  92
61336  53
61337  104
61338  62
61343  66
61344  45
61345  89
61346  40
61350  10
61351  10
61352  34
61357  101
61364  85
61381  150
61391  209
61392  54
61394  7
61407  71
61409  25
61415  24
61416  31
61417  24
61419  20
61421  55
61422  34
61423  30
61425  71
61433  78
61448  52
61449  10
61453  30
61454  46
61475  302
61509  137
61511  28
61520  21
61556  209
61558  13
61561  20
61580  119
61582  71
61588  105
61591  84
61593  54
61608  18
61611  66
61612  61
61614  30
61615  37
61622  36
61623  49
61635  64
61636  10
61637  54
61648  135
61649  7
61659  185
61661  10
61742  370
61745  79
61757  71
61758  94
61762  46
61777  299
61796  301
61811  46
61826  174
61830  124
61832  58
61834  10
61835  10
61839  88
61843  30
61844  109
61849  23
61851  12
61856  13
61857  160
61879  282
61889  68
61896  122
61918  109
61942  238
61950  157
61977  202
61985  52
61987  59
61988  53
61999  133
62015  187
62044  286
62045  48
62046  85
62047  10
62049  63
62050  38
62052  10
62074  157
62076  18
62081  13
62083  84
62085  8
62086  29
62093  40
62094  39
62095  18
62099  60
62227  366
62234  68
62235  20
62245  209
62250  10
62255  109
62261  13
62275  39
62285  101
62302  176
62306  41
62313  36
62316  55
62335  114
62345  109
62346  29
62351  40
62370  183
62375  35
62376  30
62378  45
62379  16
62380  76
62404  146
62405  55
62418  185
62421  13
62424  42
62427  16
62428  30
62435  106
62437  18
62439  19
62445  10
62446  18
62452  13
62453  25
62454  19
62455  32
62457  26
62460  37
62466  23
62493  100
62494  262
62500  128
62508  65
62511  9
62514  43
62515  27
62541  177
62544  56
62546  10
62550  35
62551  31
62552  13
62554  23
62558  17
62597  111
62604  88
62605  23
62609  29
62636  138
62637  19
62644  91
62646  39
62649  80
62650  138
62659  22
62660  12
62661  56
62662  24
62663  15
62664  31
62668  110
62669  77
62670  51
62672  11
62676  84
62682  53
62691  65
62692  10
62695  45
62708  131
62714  36
62725  106
62731  168
62732  38
62741  44
62742  17
62743  57
62746  94
62747  132
62749  67
62753  10
62757  54
62762  97
62763  30
62766  13
62767  46
62769  39
62771  87
62775  54
62777  30
62778  18
62779  17
62785  8
62790  87
62792  30
62803  159
62824  250
62826  34
62827  17
62832  30
62835  24
62836  38
62837  43
62871  242
62872  33
62873  24
62877  63
62878  22
62879  10
62882  41
62885  77
62889  20
62905  91
62906  30
62920  39
62922  39
62923  21
62925  16
62926  17
62927  25
62931  10
62932  17
62936  98
62937  22
62972  46
62976  75
62977  16
63009  171
63010  49
63113  370
63120  49
63134  111
63142  83
63156  184
63171  197
63173  68
63182  68
63186  20
63195  55
63200  64
63203  15
63207  50
63208  6
63211  30
63216  84
63219  63
63221  13
63223  51
63240  101
63242  51
63252  93
63272  77
63273  43
63274  44
63279  102
63303  286
63306  67
63307  33
63309  52
63322  216
63324  31
63328  30
63331  19
63332  32
63333  44
63355  206
63359  18
63363  100
63366  111
63367  10
63380  100
63381  28
63382  28
63383  20
63385  65
63396  100
63401  12
63407  27
63412  81
63413  30
63423  76
63425  24
63429  34
63430  36
63462  145
63463  7
63464  11
63504  282
63508  34
63511  43
63516  121
63519  44
63522  23
63526  46
63535  37
63543  37
63549  37
63572  168
63584  156
63585  108
63586  6
63613  192
63614  16
63618  46
63697  185
63699  22
63700  29
63703  34
63705  20
63706  83
63707  262
63712  52
63721  151
63726  31
63727  10
63728  19
63730  44
63736  62
63786  225
63788  16
63791  10
63793  59
63805  218
63815  75
63817  26
63818  26
63850  166
63854  51
63856  10
63860  12
63863  33
63875  79
63883  59
63889  49
63901  135
63904  48
63905  30
63907  66
63909  45
63912  32
63938  272
63966  296
63969  26
63970  86
63979  167
63982  43
63991  44
63992  12
63994  26
64011  103
64020  152
64031  79
64033  123
64034  49
64035  67
64037  18
64063  110
64064  43
64068  67
64069  20
64076  60
64080  58
64081  15
64100  218
64103  81
64107  134
64142  164
64143  37
64152  75
64163  24
64167  79
64168  127
64169  98
64171  20
64172  36
64173  45
64175  64
64176  22
64183  84
64186  58
64187  55
64189  22
64191  28
64195  74
64208  117
64210  12
64212  94
64213  15
64225  39
64226  43
64229  23
64244  13
64298  73
64332  108
64352  159
64354  10
64383  101
64385  43
64386  55
64387  10
64391  77
64392  81
64394  104
64400  29
64404  13
64421  27
64422  52
64426  76
64427  10
64430  46
64437  32
64447  137
64452  160
64477  176
64485  73
64493  104
64507  108
64553  108
64555  39
64577  124
64579  36
64581  8
64592  39
64594  50
64597  10
64599  10
64600  49
64603  11
64607  27
64612  80
64615  10
64616  13
64619  60
64620  71
64621  10
64624  119
64631  10
64632  39
64640  73
64658  94
64697  182
64698  10
64702  54
64703  27
64707  55
64710  28
64720  176
64725  39
64740  90
64741  54
64787  291
64813  244
64815  20
64817  89
64826  60
64827  16
64829  120
64833  13
64834  13
64835  29
64859  120
64861  13
64862  23
64865  76
64866  32
64891  195
64892  18
64908  138
64909  25
64917  49
64921  33
64928  35
64931  36
64950  226
64951  28
64953  46
64959  55
64960  64
64971  180
64988  99
65013  212
65017  85
65022  73
65029  10
65031  55
65045  99
65086  284
65087  19
65088  53
65089  36
65091  262
65099  56
65114  178
65120  14
65121  11
65123  57
65126  25
65128  21
65133  9
65134  17
65137  75
65168  262
65182  68
65183  115
65185  111
65193  58
65194  10
65195  34
65197  88
65198  29
65199  253
65200  23
65208  76
65213  25
65215  43
65217  16
65223  93
65227  13
65228  14
65230  10
65232  21
65237  20
65238  10
65239  10
65248  74
65249  13
65250  30
65252  22
65259  37
65260  30
65284  142
65292  94
65297  27
65302  128
65303  82
65305  16
65309  23
65314  10
65316  69
65319  17
65320  27
65322  102
65325  113
65338  218
65341  84
65346  56
65347  15
65354  20
65359  84
65363  39
65368  120
65369  42
65379  128
65384  12
65385  13
65387  51
65394  46
65399  48
65422  115
65423  13
65424  22
65426  38
65486  306
65490  14
65505  196
65506  62
65516  151
65517  104
65518  30
65553  109
65562  74
65568  129
65570  53
65571  18
65586  174
65597  13
65599  10
65615  29
65617  53
65618  37
65619  64
65621  74
65622  7
65624  51
65625  30
65626  37
65627  154
65631  44
65634  62
65647  54
65650  38
65651  7
65661  40
65662  29
65665  65
65687  149
65688  19
65692  53
65697  25
65707  71
65711  101
65727  141
65729  10
65734  117
65786  159
65788  142
65789  10
65792  33
65797  113
65798  10
65805  58
65814  101
65818  18
65825  15
65826  14
65832  89
65833  23
65834  21
65842  112
65847  81
65848  28
65857  146
65859  54
65864  51
65868  26
65880  213
65881  20
65882  16
65891  76
65893  49
65895  63
65922  181
65925  32
65930  64
65931  20
65940  94
65943  39
65946  117
65951  35
65961  42
65963  20
66017  306
66019  203
66024  50
66026  10
66135  370
66144  37
66149  28
66152  9
66154  92
66156  30
66157  30
66158  40
66165  159
66167  111
66168  30
66169  10
66170  13
66171  281
66173  29
66174  33
66178  15
66183  201
66186  52
66200  72
66201  45
66207  58
66211  13
66217  30
66218  19
66247  164
66250  37
66251  7
66253  78
66254  76
66256  18
66259  20
66260  7
66262  47
66288  155
66289  89
66292  20
66298  16
66300  34
66349  234
66359  13
66382  154
66383  10
66384  20
66386  20
66399  100
66410  84
66411  16
66412  55
66413  30
66415  10
66417  43
66440  188
66441  6
66446  20
66447  61
66466  225
66470  13
66471  31
66474  124
66475  20
66476  36
66495  71
66496  10
66499  36
66505  130
66513  124
66518  44
66522  97
66523  30
66524  72
66525  16
66527  28
66534  34
66541  22
66542  35
66544  20
66546  47
66561  141
66564  71
66567  54
66575  96
66585  71
66586  10
66588  45
66593  30
66598  71
66603  165
66612  92
66616  8
66621  71
66623  29
66624  31
66625  19
66638  104
66639  27
66641  54
66642  53
66644  128
66652  60
66653  10
66662  119
66664  174
66666  31
66689  325
66703  11
66704  72
66739  172
66755  86
66761  87
66778  138
66820  318
66821  137
66822  10
66823  37
66824  47
66825  30
66827  93
66829  40
66830  44
66833  10
66843  57
66848  76
66849  17
66850  22
66882  220
66883  22
66884  24
66889  29
66890  48
66898  148
66901  15
66903  14
66904  20
66906  52
66932  318
66936  40
66939  140
66940  29
66941  24
66945  16
66951  25
66952  17
66959  22
66995  325
66996  86
66997  24
66998  22
67001  185
67012  313
67013  30
67014  43
67026  36
67029  49
67031  66
67037  54
67045  54
67052  195
67053  27
67080  113
67091  268
67092  154
67101  120
67108  178
67118  239
67125  26
67127  10
67130  21
67149  76
67150  71
67157  54
67166  45
67167  19
67169  25
67171  20
67173  178
67174  52
67175  20
67230  99
67231  43
67243  48
67247  122
67253  27
67263  42
67264  20
67268  75
67269  80
67273  93
67275  21
67276  10
67282  85
67284  20
67289  62
67299  82
67311  98
67317  16
67318  13
67319  30
67323  30
67327  48
67362  184
67377  90
67383  101
67386  52
67388  60
67406  69
67407  10
67415  152
67453  282
67464  194
67465  32
67493  145
67494  75
67496  19
67497  36
67505  15
67507  16
67508  40
67524  94
67569  134
67572  92
67577  159
67605  130
67617  172
67619  177
67620  61
67623  46
67624  63
67626  54
67652  169
67653  47
67654  21
67701  286
67702  33
67706  72
67707  10
67713  43
67714  41
67722  86
67757  225
67760  10
67778  13
67779  14
67790  176
67802  172
67804  74
67805  10
67820  178
67821  27
67822  30
67823  37
67824  177
67826  59
67828  13
67851  131
67855  44
67862  37
67869  30
67870  6
67871  21
67872  262
67873  46
67887  181
67905  167
67910  33
67911  10
67912  55
67914  20
67925  218
67927  10
67933  38
67935  58
67983  282
67985  40
67996  115
67998  36
68000  10
68001  45
68003  18
68004  19
68005  12
68008  20
68009  31
68015  45
68024  123
68025  7
68026  20
68027  25
68028  23
68041  199
68045  9
68054  89
68057  147
68111  197
68112  87
68113  20
68114  47
68116  67
68125  57
68128  187
68131  42
68144  69
68147  44
68161  94
68162  20
68163  10
68175  54
68176  102
68177  20
68178  76
68179  89
68180  30
68204  192
68205  10
68207  41
68208  20
68221  27
68224  13
68251  197
68265  101
68267  41
68278  75
68279  31
68280  78
68288  183
68298  25
68302  118
68303  28
68312  59
68315  38
68316  16
68317  7
68319  58
68323  77
68324  56
68329  72
68331  10
68367  162
68368  262
68385  197
68386  13
68388  10
68400  83
68409  47
68417  13
68423  54
68432  37
68438  53
68457  82
68458  13
68467  13
68470  16
68471  40
68472  23
68473  44
68474  20
68477  25
68480  48
68498  169
68500  30
68501  14
68502  21
68510  41
68537  104
68542  90
68556  22
68566  39
68567  41
68570  21
68571  72
68597  115
68604  142
68631  187
68636  47
68651  89
68656  24
68657  58
68711  306
68727  176
68734  19
68735  23
68736  21
68737  139
68744  27
68745  51
