1  40
2  36
3  69
4  18
5  35
6  10
7  47
8  11
9  125
10  48
13  111
14  40
16  29
17  39
19  30
20  40
21  125
22  27
23  21
24  37
25  125
26  125
27  16
28  40
29  36
30  66
31  77
32  13
33  2
34  48
35  4
36  18
38  25
39  55
40  121
41  40
42  2
44  25
45  48
46  15
47  1
48  45
49  3
50  38
51  20
52  3
53  40
54  25
55  89
56  125
57  37
58  166
59  78
60  38
61  7
62  99
63  28
64  17
65  44
66  79
67  125
68  23
69  43
70  4
71  5
72  97
73  25
75  61
76  9
77  14
78  18
79  71
80  40
81  1
82  90
83  20
84  37
85  49
86  18
87  41
88  45
89  10
90  4
91  11
92  40
93  19
94  40
95  10
96  20
97  4
98  125
99  23
100  17
101  40
102  17
103  71
104  125
105  60
106  24
107  416
108  29
109  125
110  11
111  37
112  6
113  125
115  40
116  40
117  14
118  106
119  125
120  13
121  38
122  125
123  83
124  10
125  18
126  18
127  29
128  111
129  14
130  42
131  21
132  51
133  68
134  86
135  18
136  315
137  37
138  5
139  17
140  39
141  102
142  125
143  23
144  40
145  4
146  33
147  10
148  67
149  40
150  21
151  26
152  12
153  5
154  3
155  5
156  41
157  2
158  83
159  29
160  1
161  103
162  27
163  17
164  8
165  38
166  5
167  13
168  28
169  125
170  125
171  136
172  106
173  44
174  6
175  23
176  67
177  23
178  38
179  4
180  40
181  18
182  2
183  2
184  29
185  105
186  125
187  37
188  125
189  17
190  7
191  6
192  6
193  9
194  40
195  18
196  40
197  29
198  35
199  121
200  125
201  9
202  6
203  125
204  40
205  3
206  5
207  16
208  34
211  101
212  80
213  98
214  40
216  2
217  17
218  18
219  10
220  14
221  37
222  40
223  111
224  102
225  23
226  40
227  23
228  3
229  17
230  15
231  73
232  102
233  2
234  6
235  17
236  108
237  20
238  86
239  125
240  6
241  3
242  40
243  20
244  2
245  11
246  52
247  3
248  86
249  40
250  22
251  29
252  125
253  4
254  40
255  3
256  2
257  61
258  46
259  11
260  20
261  106
262  14
263  18
264  11
265  101
266  40
267  5
268  44
269  16
270  14
271  125
272  117
273  18
274  49
275  18
276  85
277  125
278  23
279  4
280  125
281  29
282  2
283  14
284  29
285  125
286  1
288  19
289  13
290  73
291  102
293  6
294  8
295  33
296  18
297  117
298  48
299  40
300  17
301  3
302  40
303  73
304  125
305  7
306  18
307  9
308  85
309  18
310  26
311  19
312  40
313  111
314  41
315  125
316  2
317  17
318  43
319  10
320  29
321  9
322  125
323  125
324  88
325  121
326  40
327  8
328  18
329  68
330  40
331  78
332  125
333  22
334  99
336  11
337  19
338  27
339  59
340  14
341  56
342  113
343  40
344  31
345  68
346  40
347  14
348  213
349  29
350  76
351  29
352  102
353  213
354  86
355  109
356  25
357  52
358  23
359  83
360  162
361  78
362  74
363  213
364  35
365  44
366  213
367  112
368  140
369  60
370  213
371  36
372  60
373  213
374  213
375  84
376  213
377  24
378  213
379  25
380  45
381  50
382  53
383  26
384  27
385  64
386  25
387  175
388  173
389  143
390  51
391  213
392  182
393  35
394  164
395  213
396  86
397  125
398  133
399  35
400  213
401  24
402  199
403  78
404  177
405  62
406  29
407  58
408  182
409  140
410  68
411  25
412  213
413  80
414  213
415  102
416  112
417  213
418  101
419  182
420  196
421  102
422  133
423  212
424  50
425  92
426  88
427  60
428  213
429  41
430  178
431  213
432  196
433  47
434  169
435  50
436  213
437  29
438  213
439  177
440  73
441  35
442  76
443  24
444  177
445  102
446  104
447  23
448  29
449  54
450  86
451  130
452  150
453  26
454  26
455  100
456  199
457  52
458  99
459  47
460  199
461  213
462  80
463  137
464  27
465  213
466  40
467  28
468  24
469  64
470  57
471  159
472  34
473  137
474  76
475  213
476  33
477  52
478  36
479  152
480  50
481  86
482  177
483  213
484  213
485  37
486  50
487  165
488  143
489  83
490  61
491  61
492  213
493  182
494  112
495  102
496  187
497  213
498  30
499  27
500  213
501  35
502  63
503  188
504  104
505  49
506  213
507  212
508  73
509  50
510  89
511  149
512  133
513  213
514  213
515  213
516  52
517  213
518  52
519  86
520  199
521  85
522  41
523  177
524  213
525  213
526  213
527  205
528  66
529  42
530  29
531  90
532  29
533  35
534  39
535  66
536  100
537  182
538  213
539  65
540  49
541  53
542  213
543  73
544  213
545  180
546  103
547  92
548  112
549  46
550  23
551  50
552  27
553  213
554  52
555  109
556  177
557  124
558  102
559  213
560  137
561  213
562  33
563  213
564  35
565  109
566  213
567  213
568  42
569  78
570  125
571  31
572  28
573  58
574  41
575  49
576  55
577  66
578  66
579  58
580  213
581  18
582  66
583  66
584  48
585  17
586  35
587  49
588  53
589  56
590  56
591  211
592  58
593  36
594  44
595  66
596  178
597  58
598  56
599  66
600  66
601  170
602  17
603  55
604  178
605  56
606  213
607  17
608  17
609  58
610  42
611  55
612  55
613  17
614  164
615  66
616  48
617  58
618  58
619  58
620  58
621  31
622  42
623  53
624  17
625  56
626  53
627  66
628  47
629  109
630  58
631  40
632  66
633  53
634  75
635  66
636  58
637  213
638  17
639  49
640  66
641  206
642  18
643  66
644  58
645  133
646  61
647  62
648  20
649  86
650  66
651  213
652  34
653  58
654  58
655  34
656  28
657  33
658  66
659  66
660  21
661  66
662  66
663  39
664  55
665  62
666  58
667  27
668  17
669  179
670  66
671  38
672  39
673  34
674  17
675  66
676  103
677  56
678  58
679  35
680  58
681  66
682  43
683  164
684  56
685  58
686  129
687  100
688  129
689  35
690  58
691  33
692  22
693  82
694  129
695  129
696  129
697  129
698  129
699  25
700  44
701  96
702  35
703  113
704  32
705  129
706  109
707  39
708  121
709  86
710  50
711  91
712  39
713  129
714  39
715  66
716  56
717  25
718  100
719  129
720  71
721  41
722  80
723  69
724  129
725  37
726  129
727  107
728  107
729  45
730  64
731  129
732  39
733  40
734  88
735  37
736  41
737  91
738  101
739  100
740  40
741  83
742  41
743  27
744  25
745  129
746  40
747  129
748  83
749  23
750  25
751  74
752  129
753  67
754  113
755  73
756  62
757  25
758  76
759  64
760  129
761  54
762  80
763  57
764  99
765  72
766  129
767  35
768  40
769  71
770  83
771  39
772  107
773  129
774  129
775  23
776  35
777  83
778  82
779  80
780  124
781  129
782  40
783  73
784  129
785  26
786  40
787  93
788  29
789  39
790  30
791  35
792  95
793  71
794  73
795  71
796  35
797  83
798  43
799  56
800  129
801  22
802  32
803  78
804  51
805  129
806  39
807  92
808  45
809  73
810  129
811  53
812  54
813  47
814  110
815  129
816  40
817  96
818  43
819  129
820  123
821  52
822  39
823  129
824  129
825  40
826  63
827  129
828  129
829  125
830  129
831  83
832  27
833  40
834  129
835  86
836  56
837  67
838  99
839  39
840  121
841  23
842  129
843  72
844  85
845  107
846  42
847  125
848  97
849  100
850  40
851  42
852  25
853  129
854  29
855  25
856  107
857  112
858  20
859  15
860  75
861  33
862  144
863  33
864  19
865  19
866  19
867  23
868  19
869  28
870  20
871  20
872  23
873  23
874  23
875  13
876  33
877  19
878  33
879  19
880  51
881  20
882  29
883  13
884  16
885  23
886  28
887  23
888  33
889  33
890  28
891  13
892  13
893  19
894  18
895  20
896  206
897  258
898  178
899  69
900  102
901  131
902  206
903  131
904  70
905  116
906  335
907  106
908  111
909  79
910  71
911  67
912  79
913  148
914  105
915  149
916  416
917  206
918  67
919  178
920  101
921  405
922  145
923  82
924  146
925  416
926  138
927  329
928  84
929  75
930  171
931  96
932  274
933  146
934  407
935  80
936  186
937  77
938  131
939  92
940  114
941  200
942  206
943  92
944  146
945  74
946  416
947  416
948  158
949  128
950  88
951  103
952  414
953  394
954  206
955  79
956  79
957  206
958  128
959  212
960  394
961  82
962  135
963  131
964  125
965  117
966  416
967  373
968  154
969  167
970  102
971  157
972  135
973  103
974  91
975  206
976  155
977  121
978  416
979  79
980  416
981  206
982  312
983  286
984  206
985  79
986  93
987  77
988  206
989  187
990  150
991  104
992  131
993  416
994  148
995  258
996  74
997  370
998  86
999  379
1000  91
1001  180
1002  69
1003  370
1004  416
1005  105
1006  416
1007  118
1008  83
1009  206
1010  137
1011  138
1012  171
1013  103
1014  206
1015  187
1016  79
1017  416
1018  206
1019  206
1020  206
1021  206
1022  80
1023  84
1024  370
1025  171
1026  354
1027  69
1028  339
1029  293
1030  79
1031  74
1032  206
1033  102
1034  70
1035  126
1036  206
1037  146
1038  73
1039  165
1040  292
1041  140
1042  112
1043  79
1044  161
1045  79
1046  69
1047  315
1048  376
1049  334
1050  80
1051  148
1052  148
1053  77
1054  251
1055  87
1056  286
1057  78
1058  78
1059  416
1060  206
1061  86
1062  117
1063  141
1064  99
1065  68
1066  206
1067  206
1068  239
1069  135
1070  148
1071  69
1072  126
1073  84
1074  278
1075  318
1076  416
1077  101
1078  416
1079  416
1080  186
1081  170
1082  206
1083  394
1084  108
1085  190
1086  416
1087  77
1088  89
1089  98
1090  93
1091  145
1092  250
1093  90
1094  89
1095  148
1096  67
1097  131
1098  111
1099  206
1100  206
1101  416
1102  206
1103  86
1104  206
1105  69
1106  128
1107  416
1108  206
1109  140
1110  272
1111  79
1112  267
1113  171
1114  175
1115  191
1116  177
1117  416
1118  131
1119  67
1120  206
1121  131
1122  186
1123  282
1124  405
1125  416
1126  416
1127  105
1128  405
1129  206
1130  312
1131  135
1132  416
1133  78
1134  90
1135  334
1136  111
1137  129
1138  79
1139  130
1140  91
1141  114
1142  158
1143  115
1144  106
1145  67
1146  416
1147  78
1148  206
1149  413
1150  90
1151  79
1152  130
1153  416
1154  81
1155  186
1156  394
1157  71
1158  206
1159  148
1160  349
1161  100
1162  79
1163  405
1164  180
1165  111
1166  206
1167  145
1168  78
1169  112
1170  148
1171  152
1172  416
1173  376
1174  99
1175  407
1176  72
1177  79
1178  89
1179  193
1180  258
1181  405
1182  327
1183  148
1184  416
1185  416
1186  111
1187  111
1188  145
1189  140
1190  206
1191  405
1192  206
1193  84
1194  69
1195  251
1196  148
1197  79
1198  401
1199  416
1200  73
1201  293
1202  73
1203  83
1204  206
1205  376
1206  67
1207  333
1208  69
1209  334
1210  168
1211  416
1212  99
1213  112
1214  394
1215  186
1216  131
1217  148
1218  79
1219  279
1220  92
1221  206
1222  416
1223  128
1224  68
1225  145
1226  140
1227  206
1228  118
1229  205
1230  416
1231  206
1232  131
1233  71
1234  94
1235  206
1236  145
1237  193
1238  416
1239  97
1240  72
1241  132
1242  376
1243  405
1244  99
1245  198
1246  145
1247  125
1248  80
1249  101
1250  416
1251  96
1252  70
1253  69
1254  73
1255  416
1256  416
1257  206
1258  146
1259  143
1260  146
1261  206
1262  73
1263  87
1264  73
1265  169
1266  85
1267  416
1268  91
1269  416
1270  68
1271  388
1272  364
1273  206
1274  111
1275  148
1276  71
1277  206
1278  193
1279  206
1280  322
1281  200
1282  206
1283  112
1284  206
1285  263
1286  153
1287  363
1288  384
1289  405
1290  354
1291  416
1292  206
1293  284
1294  134
1295  73
1296  136
1297  76
1298  206
1299  145
1300  180
1301  75
1302  416
1303  206
1304  135
1305  388
1306  135
1307  111
1308  114
1309  206
1310  143
1311  131
1312  349
1313  186
1314  131
1315  199
1316  178
1317  102
1318  171
1319  129
1320  193
1321  112
1322  206
1323  344
1324  206
1325  103
1326  68
1327  176
1328  106
1329  416
1330  416
1331  416
1332  170
1333  131
1334  370
1335  416
1336  287
1337  111
1338  148
1339  405
1340  301
1341  416
1342  85
1343  142
1344  367
1345  206
1346  74
1347  206
1348  136
1349  180
1350  166
1351  363
1352  416
1353  70
1354  76
1355  146
1356  94
1357  156
1358  193
1359  333
1360  111
1361  416
1362  74
1363  119
1364  96
1365  240
1366  148
1367  416
1368  79
1369  192
1370  407
1371  131
1372  79
1373  206
1374  193
1375  334
1376  416
1377  416
1378  131
1379  206
1380  384
1381  173
1382  206
1383  71
1384  85
1385  104
1386  67
1387  79
1388  355
1389  257
1390  416
1391  416
1392  206
1393  247
1394  68
1395  69
1396  206
1397  138
1398  223
1399  416
1400  150
1401  115
1402  355
1403  79
1404  206
1405  217
1406  170
1407  195
1408  149
1409  376
1410  108
1411  95
1412  124
1413  206
1414  95
1415  133
1416  413
1417  89
1418  128
1419  148
1420  416
1421  111
1422  107
1423  206
1424  108
1425  147
1426  206
1427  186
1428  130
1429  170
1430  69
1431  416
1432  206
1433  111
1434  91
1435  203
1436  148
1437  245
1438  183
1439  173
1440  117
1441  91
1442  76
1443  83
1444  148
1445  86
1446  168
1447  416
1448  206
1449  372
1450  152
1451  173
1452  131
1453  110
1454  206
1455  88
1456  416
1457  315
1458  156
1459  206
1460  209
1461  84
1462  206
1463  114
1464  140
1465  332
1466  67
1467  416
1468  131
1469  146
1470  298
1471  416
1472  148
1473  173
1474  71
1475  206
1476  73
1477  83
1478  94
1479  206
1480  349
1481  121
1482  146
1483  370
1484  146
1485  231
1486  74
1487  193
1488  416
1489  136
1490  107
1491  416
1492  112
1493  129
1494  111
1495  206
1496  146
1497  130
1498  80
1499  79
1500  136
1501  112
1502  206
1503  144
1504  148
1505  156
1506  92
1507  140
1508  187
1509  416
1510  75
1511  111
1512  180
1513  223
1514  180
1515  206
1516  416
1517  209
1518  100
1519  149
1520  416
1521  77
1522  416
1523  274
1524  235
1525  148
1526  130
1527  89
1528  293
1529  146
1530  416
1531  109
1532  216
1533  131
1534  156
1535  293
1536  173
1537  103
1538  333
1539  376
1540  247
1541  136
1542  281
1543  170
1544  91
1545  171
1546  71
1547  416
1548  131
1549  148
1550  191
1551  416
1552  79
1553  140
1554  416
1555  111
1556  163
1557  416
1558  68
1559  416
1560  67
1561  112
1562  80
1563  408
1564  91
1565  170
1566  94
1567  111
1568  131
1569  148
1570  401
1571  274
1572  218
1573  206
1574  193
1575  114
1576  206
1577  332
1578  188
1579  77
1580  367
1581  67
1582  200
1583  206
1584  416
1585  92
1586  69
1587  206
1588  111
1589  416
1590  349
1591  206
1592  150
1593  111
1594  103
1595  206
1596  206
1597  416
1598  416
1599  82
1600  405
1601  131
1602  93
1603  416
1604  416
1605  376
1606  170
1607  71
1608  416
1609  355
1610  416
1611  206
1612  416
1613  416
1614  335
1615  111
1616  186
1617  416
1618  137
1619  405
1620  384
1621  416
1622  416
1623  405
1624  136
1625  137
1626  131
1627  69
1628  206
1629  120
1630  148
1631  105
1632  376
1633  133
1634  145
1635  174
1636  206
1637  370
1638  197
1639  329
1640  82
1641  87
1642  145
1643  413
1644  293
1645  186
1646  116
1647  206
1648  128
1649  166
1650  115
1651  84
1652  357
1653  349
1654  89
1655  206
1656  151
1657  71
1658  128
1659  362
1660  137
1661  206
1662  416
1663  416
1664  78
1665  416
1666  156
1667  125
1668  416
1669  416
1670  86
1671  131
1672  125
1673  186
1674  127
1675  405
1676  98
1677  180
1678  110
1679  163
1680  206
1681  131
1682  199
1683  416
1684  239
1685  384
1686  146
1687  111
1688  334
1689  416
1690  72
1691  206
1692  193
1693  69
1694  155
1695  148
1696  86
1697  91
1698  111
1699  148
1700  124
1701  78
1702  148
1703  148
1704  133
1705  111
1706  200
1707  416
1708  88
1709  148
1710  117
1711  75
1712  405
1713  72
1714  416
1715  206
1716  206
1717  416
1718  332
1719  111
1720  206
1721  416
1722  249
1723  280
1724  263
1725  146
1726  150
1727  147
1728  166
1729  206
1730  416
1731  79
1732  206
1733  131
1734  274
1735  416
1736  416
1737  362
1738  146
1739  107
1740  177
1741  405
1742  206
1743  109
1744  175
1745  124
1746  416
1747  116
1748  96
1749  90
1750  416
1751  206
1752  415
1753  373
1754  268
1755  71
1756  102
1757  416
1758  148
1759  77
1760  72
1761  416
1762  74
1763  158
1764  158
1765  286
1766  165
1767  180
1768  416
1769  146
1770  146
1771  136
1772  304
1773  137
1774  185
1775  91
1776  71
1777  92
1778  171
1779  97
1780  116
1781  134
1782  311
1783  206
1784  110
1785  136
1786  206
1787  131
1788  79
1789  405
1790  186
1791  416
1792  75
1793  416
1794  166
1795  376
1796  346
1797  77
1798  131
1799  416
1800  416
1801  137
1802  98
1803  111
1804  416
1805  115
1806  111
1807  148
1808  97
1809  405
1810  405
1811  308
1812  206
1813  416
1814  80
1815  130
1816  416
1817  93
1818  142
1819  362
1820  206
1821  182
1822  81
1823  416
1824  206
1825  111
1826  405
1827  416
1828  206
1829  94
1830  116
1831  112
1832  226
1833  416
1834  67
1835  416
1836  148
1837  131
1838  73
1839  416
1840  82
1841  206
1842  416
1843  222
1844  186
1845  363
1846  171
1847  111
1848  198
1849  416
1850  146
1851  192
1852  109
1853  108
1854  68
1855  83
1856  73
1857  206
1858  112
1859  206
1860  101
1861  367
1862  206
1863  187
1864  389
1865  81
1866  111
1867  415
1868  407
1869  111
1870  148
1871  206
1872  206
1873  206
1874  112
1875  166
1876  148
1877  314
1878  165
1879  416
1880  131
1881  174
1882  186
1883  107
1884  177
1885  145
1886  413
1887  109
1888  416
1889  79
1890  69
1891  345
1892  99
1893  206
1894  206
1895  131
1896  78
1897  148
1898  379
1899  206
1900  148
1901  99
1902  416
1903  193
1904  131
1905  83
1906  133
1907  188
1908  84
1909  148
1910  104
1911  131
1912  450
1913  82
1914  126
1915  57
1916  292
1917  450
1918  450
1919  126
1920  332
1921  126
1922  66
1923  144
1924  47
1925  430
1926  332
1927  126
1928  97
1929  450
1930  78
1931  126
1932  332
1933  60
1934  63
1935  126
1936  76
1937  42
1938  450
1939  257
1940  332
1941  397
1942  127
1943  450
1944  108
1945  332
1946  450
1947  332
1948  332
1949  54
1950  65
1951  126
1952  83
1953  437
1954  303
1955  332
1956  43
1957  126
1958  119
1959  332
1960  90
1961  45
1962  450
1963  324
1964  173
1965  90
1966  450
1967  44
1968  123
1969  48
1970  215
1971  450
1972  126
1973  126
1974  48
1975  90
1976  126
1977  52
1978  74
1979  450
1980  126
1981  198
1982  73
1983  450
1984  450
1985  450
1986  446
1987  166
1988  59
1989  329
1990  76
1991  126
1992  59
1993  450
1994  284
1995  126
1996  40
1997  446
1998  126
1999  122
2000  116
2001  126
2002  307
2003  176
2004  126
2005  450
2006  126
2007  332
2008  52
2009  126
2010  332
2011  126
2012  75
2013  54
2014  60
2015  43
2016  85
2017  41
2018  126
2019  69
2020  450
2021  147
2022  126
2023  90
2024  126
2025  111
2026  332
2027  126
2028  332
2029  114
2030  450
2031  142
2032  332
2033  450
2034  43
2035  90
2036  88
2037  450
2038  332
2039  332
2040  446
2041  48
2042  332
2043  450
2044  98
2045  450
2046  437
2047  332
2048  82
2049  90
2050  96
2051  55
2052  332
2053  332
2054  332
2055  290
2056  357
2057  181
2058  284
2059  450
2060  364
2061  126
2062  239
2063  446
2064  450
2065  130
2066  68
2067  106
2068  332
2069  450
2070  70
2071  332
2072  332
2073  450
2074  450
2075  176
2076  59
2077  441
2078  450
2079  37
2080  63
2081  332
2082  76
2083  450
2084  430
2085  90
2086  446
2087  332
2088  450
2089  90
2090  450
2091  90
2092  129
2093  450
2094  43
2095  450
2096  94
2097  126
2098  414
2099  89
2100  51
2101  231
2102  332
2103  450
2104  450
2105  60
2106  39
2107  90
2108  450
2109  442
2110  162
2111  332
2112  450
2113  53
2114  70
2115  446
2116  126
2117  332
2118  450
2119  74
2120  76
2121  450
2122  446
2123  450
2124  450
2125  332
2126  90
2127  332
2128  307
2129  90
2130  67
2131  450
2132  283
2133  332
2134  332
2135  332
2136  284
2137  232
2138  332
2139  450
2140  450
2141  106
2142  450
2143  322
2144  327
2145  121
2146  76
2147  142
2148  332
2149  332
2150  450
2151  332
2152  66
2153  332
2154  450
2155  140
2156  70
2157  126
2158  61
2159  126
2160  76
2161  251
2162  76
2163  144
2164  334
2165  437
2166  64
2167  42
2168  39
2169  332
2170  59
2171  126
2172  450
2173  76
2174  332
2175  72
2176  332
2177  74
2178  39
2179  359
2180  332
2181  67
2182  52
2183  332
2184  450
2185  101
2186  85
2187  332
2188  450
2189  332
2190  450
2191  332
2192  126
2193  67
2194  332
2195  37
2196  332
2197  88
2198  246
2199  332
2200  450
2201  450
2202  126
2203  332
2204  40
2205  80
2206  450
2207  59
2208  121
2209  125
2210  359
2211  132
2212  446
2213  373
2214  99
2215  237
2216  446
2217  55
2218  450
2219  48
2220  450
2221  140
2222  149
2223  332
2224  332
2225  126
2226  147
2227  55
2228  90
2229  450
2230  51
2231  90
2232  226
2233  450
2234  97
2235  213
2236  90
2237  439
2238  59
2239  199
2240  450
2241  332
2242  125
2243  205
2244  450
2245  43
2246  332
2247  332
2248  76
2249  105
2250  332
2251  57
2252  74
2253  450
2254  325
2255  52
2256  52
2257  450
2258  197
2259  221
2260  76
2261  441
2262  60
2263  50
2264  268
2265  54
2266  450
2267  297
2268  332
2269  37
2270  68
2271  450
2272  110
2273  332
2274  148
2275  450
2276  450
2277  69
2278  450
2279  332
2280  216
2281  43
2282  332
2283  332
2284  126
2285  238
2286  78
2287  271
2288  87
2289  332
2290  450
2291  78
2292  332
2293  254
2294  332
2295  117
2296  115
2297  122
2298  83
2299  450
2300  381
2301  45
2302  332
2303  111
2304  230
2305  94
2306  410
2307  450
2308  450
2309  450
2310  110
2311  197
2312  74
2313  103
2314  76
2315  310
2316  53
2317  90
2318  117
2319  332
2320  59
2321  42
2322  114
2323  450
2324  450
2325  203
2326  450
2327  332
2328  332
2329  437
2330  216
2331  450
2332  332
2333  332
2334  441
2335  90
2336  332
2337  120
2338  332
2339  450
2340  450
2341  76
2342  90
2343  325
2344  332
2345  166
2346  121
2347  450
2348  450
2349  59
2350  111
2351  332
2352  450
2353  323
2354  450
2355  121
2356  450
2357  59
2358  53
2359  450
2360  60
2361  90
2362  105
2363  450
2364  126
2365  126
2366  120
2367  173
2368  292
2369  450
2370  450
2371  90
2372  332
2373  62
2374  450
2375  51
2376  450
2377  311
2378  126
2379  136
2380  47
2381  450
2382  38
2383  101
2384  332
2385  232
2386  450
2387  157
2388  52
2389  103
2390  176
2391  238
2392  347
2393  110
2394  297
2395  450
2396  219
2397  90
2398  332
2399  283
2400  84
2401  59
2402  75
2403  76
2404  450
2405  76
2406  114
2407  343
2408  450
2409  450
2410  450
2411  90
2412  76
2413  79
2414  450
2415  153
2416  118
2417  251
2418  421
2419  332
2420  332
2421  40
2422  49
2423  450
2424  62
2425  115
2426  59
2427  110
2428  450
2429  306
2430  450
2431  49
2432  116
2433  450
2434  266
2435  101
2436  332
2437  40
2438  211
2439  52
2440  90
2441  48
2442  43
2443  82
2444  59
2445  297
2446  450
2447  126
2448  90
2449  150
2450  55
2451  332
2452  57
2453  65
2454  75
2455  65
2456  52
2457  37
2458  326
2459  126
2460  450
2461  332
2462  346
2463  332
2464  450
2465  269
2466  55
2467  443
2468  443
2469  450
2470  37
2471  332
2472  288
2473  186
2474  90
2475  332
2476  128
2477  404
2478  287
2479  176
2480  96
2481  40
2482  450
2483  39
2484  437
2485  446
2486  59
2487  43
2488  90
2489  397
2490  59
2491  332
2492  450
2493  50
2494  122
2495  441
2496  124
2497  76
2498  330
2499  312
2500  450
2501  231
2502  164
2503  76
2504  450
2505  45
2506  425
2507  450
2508  332
2509  332
2510  332
2511  332
2512  332
2513  59
2514  59
2515  58
2516  326
2517  53
2518  193
2519  162
2520  450
2521  446
2522  82
2523  74
2524  80
2525  123
2526  450
2527  39
2528  50
2529  137
2530  142
2531  89
2532  396
2533  332
2534  76
2535  45
2536  238
2537  283
2538  126
2539  446
2540  90
2541  38
2542  450
2543  450
2544  143
2545  50
2546  446
2547  238
2548  52
2549  450
2550  450
2551  446
2552  407
2553  450
2554  357
2555  332
2556  433
2557  117
2558  55
2559  450
2560  450
2561  450
2562  67
2563  397
2564  450
2565  40
2566  93
2567  332
2568  61
2569  37
2570  74
2571  126
2572  108
2573  450
2574  368
2575  441
2576  162
2577  76
2578  450
2579  425
2580  57
2581  96
2582  332
2583  126
2584  60
2585  126
2586  450
2587  67
2588  332
2589  315
2590  450
2591  360
2592  332
2593  450
2594  303
2595  39
2596  37
2597  332
2598  332
2599  86
2600  450
2601  450
2602  450
2603  209
2604  450
2605  91
2606  308
2607  450
2608  326
2609  238
2610  125
2611  450
2612  109
2613  142
2614  64
2615  450
2616  332
2617  332
2618  86
2619  450
2620  126
2621  50
2622  59
2623  440
2624  450
2625  450
2626  111
2627  126
2628  90
2629  332
2630  450
2631  412
2632  54
2633  126
2634  41
2635  102
2636  126
2637  121
2638  450
2639  123
2640  126
2641  87
2642  332
2643  332
2644  90
2645  126
2646  441
2647  126
2648  126
2649  332
2650  59
2651  48
2652  178
2653  315
2654  450
2655  450
2656  67
2657  126
2658  122
2659  126
2660  126
2661  239
2662  147
2663  108
2664  235
2665  166
2666  235
2667  101
2668  122
2669  235
2670  89
2671  72
2672  173
2673  155
2674  239
2675  145
2676  235
2677  92
2678  82
2679  235
2680  223
2681  202
2682  101
2683  215
2684  148
2685  91
2686  123
2687  137
2688  83
2689  235
2690  113
2691  64
2692  79
2693  92
2694  235
2695  94
2696  102
2697  91
2698  235
2699  85
2700  85
2701  147
2702  119
2703  89
2704  65
2705  157
2706  223
2707  108
2708  173
2709  85
2710  90
2711  138
2712  221
2713  145
2714  66
2715  133
2716  229
2717  235
2718  144
2719  239
2720  216
2721  72
2722  72
2723  95
2724  145
2725  78
2726  96
2727  89
2728  143
2729  200
2730  147
2731  143
2732  74
2733  147
2734  102
2735  102
2736  73
2737  130
2738  215
2739  134
2740  65
2741  208
2742  239
2743  196
2744  94
2745  153
2746  123
2747  99
2748  227
2749  223
2750  235
2751  153
2752  76
2753  229
2754  235
2755  235
2756  196
2757  235
2758  145
2759  107
2760  83
2761  137
2762  112
2763  213
2764  104
2765  239
2766  91
2767  73
2768  139
2769  90
2770  234
2771  87
2772  127
2773  209
2774  66
2775  130
2776  69
2777  235
2778  239
2779  117
2780  196
2781  232
2782  235
2783  145
2784  115
2785  173
2786  235
2787  177
2788  63
2789  95
2790  83
2791  86
2792  64
2793  239
2794  112
2795  105
2796  232
2797  147
2798  68
2799  75
2800  235
2801  90
2802  104
2803  107
2804  85
2805  72
2806  190
2807  95
2808  65
2809  98
2810  211
2811  84
2812  122
2813  107
2814  64
2815  235
2816  98
2817  66
2818  90
2819  122
2820  89
2821  91
2822  90
2823  177
2824  72
2825  112
2826  80
2827  235
2828  239
2829  132
2830  141
2831  105
2832  131
2833  239
2834  79
2835  211
2836  113
2837  83
2838  68
2839  235
2840  151
2841  112
2842  62
2843  132
2844  141
2845  145
2846  140
2847  88
2848  106
2849  239
2850  185
2851  96
2852  105
2853  239
2854  144
2855  76
2856  98
2857  64
2858  95
2859  126
2860  71
2861  75
2862  224
2863  239
2864  235
2865  127
2866  235
2867  235
2868  107
2869  239
2870  111
2871  145
2872  235
2873  215
2874  190
2875  216
2876  106
2877  235
2878  92
2879  89
2880  235
2881  148
2882  84
2883  105
2884  73
2885  68
2886  72
2887  176
2888  94
2889  89
2890  235
2891  132
2892  140
2893  74
2894  217
2895  86
2896  211
2897  235
2898  82
2899  69
2900  100
2901  232
2902  74
2903  77
2904  221
2905  235
2906  235
2907  162
2908  167
2909  235
2910  235
2911  235
2912  235
2913  235
2914  170
2915  235
2916  235
2917  120
2918  114
2919  235
2920  235
2921  147
2922  65
2923  94
2924  185
2925  235
2926  76
2927  235
2928  235
2929  203
2930  74
2931  202
2932  145
2933  80
2934  102
2935  80
2936  229
2937  232
2938  115
2939  239
2940  235
2941  90
2942  89
2943  235
2944  235
2945  208
2946  211
2947  121
2948  117
2949  80
2950  198
2951  194
2952  66
2953  179
2954  88
2955  145
2956  235
2957  88
2958  147
2959  89
2960  235
2961  81
2962  91
2963  69
2964  101
2965  112
2966  235
2967  129
2968  92
2969  235
2970  233
2971  68
2972  89
2973  239
2974  228
2975  65
2976  177
2977  163
2978  98
2979  101
2980  78
2981  134
2982  89
2983  80
2984  134
2985  235
2986  235
2987  148
2988  215
2989  227
2990  103
2991  239
2992  239
2993  208
2994  215
2995  105
2996  147
2997  80
2998  67
2999  109
3000  235
3001  124
3002  153
3003  68
3004  227
3005  160
3006  69
3007  145
3008  89
3009  120
3010  124
3011  147
3012  80
3013  131
3014  197
3015  87
3016  153
3017  221
3018  144
3019  147
3020  116
3021  239
3022  235
3023  158
3024  105
3025  187
3026  235
3027  195
3028  79
3029  208
3030  76
3031  62
3032  123
3033  235
3034  153
3035  239
3036  164
3037  64
3038  232
3039  141
3040  235
3041  140
3042  118
3043  105
3044  79
3045  70
3046  160
3047  235
3048  94
3049  239
3050  102
3051  239
3052  193
3053  75
3054  235
3055  66
3056  235
3057  90
3058  109
3059  69
3060  232
3061  85
3062  133
3063  80
3064  235
3065  232
3066  78
3067  88
3068  106
3069  108
3070  239
3071  62
3072  145
3073  213
3074  66
3075  121
3076  232
3077  145
3078  235
3079  171
3080  117
3081  106
3082  239
3083  75
3084  215
3085  211
3086  145
3087  145
3088  94
3089  196
3090  235
3091  72
3092  93
3093  108
3094  87
3095  91
3096  235
3097  152
3098  235
3099  79
3100  147
3101  239
3102  239
3103  113
3104  227
3105  75
3106  232
3107  145
3108  235
3109  118
3110  108
3111  183
3112  107
3113  233
3114  168
3115  233
3116  239
3117  211
3118  147
3119  215
3120  239
3121  65
3122  75
3123  153
3124  130
3125  67
3126  71
3127  66
3128  73
3129  169
3130  86
3131  74
3132  239
3133  90
3134  65
3135  166
3136  145
3137  166
3138  98
3139  96
3140  216
3141  75
3142  235
3143  66
3144  97
3145  232
3146  239
3147  66
3148  150
3149  235
3150  239
3151  104
3152  239
3153  82
3154  216
3155  80
3156  93
3157  101
3158  200
3159  81
3160  157
3161  73
3162  145
3163  143
3164  84
3165  77
3166  168
3167  109
3168  145
3169  239
3170  163
3171  107
3172  230
3173  100
3174  235
3175  75
3176  128
3177  145
3178  103
3179  232
3180  74
3181  74
3182  230
3183  62
3184  219
3185  233
3186  126
3187  133
3188  203
3189  117
3190  88
3191  151
3192  115
3193  124
3194  118
3195  235
3196  136
3197  86
3198  230
3199  142
3200  75
3201  239
3202  105
3203  145
3204  224
3205  92
3206  239
3207  145
3208  94
3209  137
3210  106
3211  112
3212  167
3213  164
3214  153
3215  129
3216  71
3217  77
3218  75
3219  145
3220  213
3221  113
3222  90
3223  119
3224  221
3225  151
3226  235
3227  69
3228  185
3229  90
3230  62
3231  98
3232  235
3233  145
3234  142
3235  96
3236  115
3237  136
3238  196
3239  239
3240  227
3241  105
3242  92
3243  159
3244  91
3245  94
3246  91
3247  239
3248  112
3249  101
3250  199
3251  74
3252  239
3253  153
3254  89
3255  132
3256  145
3257  187
3258  198
3259  133
3260  151
3261  217
3262  139
3263  145
3264  132
3265  239
3266  77
3267  239
3268  63
3269  72
3270  79
3271  67
3272  198
3273  127
3274  199
3275  113
3276  112
3277  239
3278  98
3279  118
3280  239
3281  103
3282  67
3283  89
3284  235
3285  124
3286  125
3287  174
3288  221
3289  118
3290  69
3291  239
3292  88
3293  211
3294  123
3295  144
3296  195
3297  239
3298  183
3299  205
3300  90
3301  195
3302  187
3303  144
3304  166
3305  73
3306  133
3307  102
3308  77
3309  89
3310  71
3311  83
3312  104
3313  145
3314  89
3315  94
3316  219
3317  72
3318  89
3319  141
3320  239
3321  224
3322  71
3323  86
3324  235
3325  89
3326  105
3327  145
3328  97
3329  101
3330  239
3331  133
3332  232
3333  71
3334  89
3335  233
3336  71
3337  133
3338  76
3339  235
3340  102
3341  136
3342  198
3343  90
3344  239
3345  221
3346  143
3347  239
3348  235
3349  93
3350  232
3351  239
3352  103
3353  205
3354  75
3355  229
3356  124
3357  107
3358  94
3359  117
3360  220
3361  91
3362  224
3363  235
3364  205
3365  136
3366  147
3367  103
3368  79
3369  136
3370  84
3371  100
3372  74
3373  108
3374  89
3375  68
3376  74
3377  149
3378  230
3379  145
3380  128
3381  239
3382  89
3383  95
3384  203
3385  145
3386  216
3387  235
3388  84
3389  75
3390  136
3391  237
3392  90
3393  107
3394  128
3395  145
3396  232
3397  239
3398  76
3399  193
3400  156
3401  74
3402  86
3403  177
3404  109
3405  85
3406  227
3407  63
3408  65
3409  105
3410  102
3411  221
3412  145
3413  64
3414  115
3415  144
3416  239
3417  235
3418  92
3419  239
3420  113
3421  124
3422  185
3423  89
3424  77
3425  76
3426  235
3427  76
3428  73
3429  78
3430  113
3431  112
3432  70
3433  215
3434  239
3435  200
3436  75
3437  190
3438  163
3439  89
3440  177
3441  89
3442  137
3443  125
3444  81
3445  93
3446  92
3447  88
3448  190
3449  190
3450  154
3451  76
3452  138
3453  76
3454  105
3455  137
3456  190
3457  103
3458  130
3459  115
3460  125
3461  104
3462  152
3463  138
3464  125
3465  112
3466  125
3467  90
3468  125
3469  125
3470  116
3471  164
3472  115
3473  103
3474  125
3475  187
3476  110
3477  87
3478  108
3479  108
3480  181
3481  108
3482  105
3483  106
3484  128
3485  140
3486  138
3487  87
3488  190
3489  83
3490  92
3491  166
3492  110
3493  130
3494  87
3495  190
3496  120
3497  159
3498  131
3499  124
3500  108
3501  190
3502  93
3503  124
3504  87
3505  121
3506  138
3507  100
3508  115
3509  138
3510  124
3511  117
3512  126
3513  85
3514  190
3515  106
3516  108
3517  144
3518  189
3519  112
3520  109
3521  137
3522  95
3523  108
3524  118
3525  179
3526  137
3527  174
3528  189
3529  125
3530  85
3531  92
3532  109
3533  126
3534  125
3535  121
3536  90
3537  80
3538  103
3539  92
3540  179
3541  103
3542  179
3543  100
3544  84
3545  190
3546  92
3547  103
3548  94
3549  92
3550  136
3551  87
3552  104
3553  137
3554  125
3555  125
3556  122
3557  186
3558  138
3559  149
3560  89
3561  116
3562  108
3563  137
3564  115
3565  84
3566  89
3567  103
3568  126
3569  138
3570  76
3571  112
3572  101
3573  144
3574  138
3575  83
3576  190
3577  190
3578  185
3579  112
3580  90
3581  98
3582  81
3583  99
3584  138
3585  90
3586  190
3587  108
3588  84
3589  78
3590  137
3591  138
3592  100
3593  138
3594  106
3595  103
3596  190
3597  89
3598  104
3599  137
3600  94
3601  125
3602  120
3603  114
3604  190
3605  190
3606  83
3607  95
3608  132
3609  184
3610  94
3611  190
3612  112
3613  108
3614  106
3615  129
3616  89
3617  126
3618  159
3619  80
3620  125
3621  105
3622  107
3623  125
3624  92
3625  190
3626  86
3627  149
3628  103
3629  137
3630  116
3631  110
3632  87
3633  190
3634  125
3635  179
3636  136
3637  85
3638  89
3639  108
3640  190
3641  99
3642  154
3643  134
3644  106
3645  122
3646  126
3647  89
3648  125
3649  108
3650  76
3651  190
3652  84
3653  85
3654  134
3655  108
3656  161
3657  103
3658  138
3659  94
3660  87
3661  88
3662  92
3663  118
3664  98
3665  84
3666  108
3667  148
3668  112
3669  93
3670  165
3671  96
3672  190
3673  82
3674  190
3675  110
3676  83
3677  190
3678  89
3679  90
3680  138
3681  114
3682  90
3683  138
3684  190
3685  115
3686  89
3687  190
3688  78
3689  81
3690  124
3691  89
3692  190
3693  181
3694  83
3695  108
3696  108
3697  170
3698  115
3699  80
3700  93
3701  110
3702  190
3703  137
3704  79
3705  137
3706  138
3707  149
3708  112
3709  76
3710  137
3711  136
3712  111
3713  137
3714  138
3715  120
3716  89
3717  89
3718  138
3719  125
3720  86
3721  190
3722  137
3723  87
3724  91
3725  103
3726  119
3727  83
3728  137
3729  76
3730  169
3731  186
3732  78
3733  80
3734  190
3735  130
3736  133
3737  190
3738  125
3739  103
3740  137
3741  158
3742  81
3743  103
3744  89
3745  83
3746  77
3747  108
3748  76
3749  86
3750  184
3751  83
3752  123
3753  137
3754  99
3755  111
3756  190
3757  112
3758  136
3759  112
3760  135
3761  125
3762  138
3763  115
3764  125
3765  98
3766  101
3767  102
3768  125
3769  116
3770  102
3771  88
3772  94
3773  121
3774  112
3775  87
3776  108
3777  109
3778  116
3779  115
3780  133
3781  83
3782  125
3783  108
3784  119
3785  145
3786  126
3787  82
3788  134
3789  86
3790  190
3791  108
3792  116
3793  138
3794  138
3795  95
3796  116
3797  190
3798  76
3799  89
3800  190
3801  80
3802  130
3803  124
3804  190
3805  86
3806  86
3807  78
3808  77
3809  108
3810  136
3811  81
3812  88
3813  93
3814  90
3815  125
3816  80
3817  117
3818  125
3819  103
3820  76
3821  124
3822  138
3823  104
3824  190
3825  121
3826  138
3827  101
3828  186
3829  125
3830  190
3831  155
3832  125
3833  138
3834  96
3835  137
3836  112
3837  112
3838  190
3839  87
3840  111
3841  190
3842  187
3843  102
3844  84
3845  157
3846  77
3847  92
3848  88
3849  81
3850  121
3851  190
3852  158
3853  76
3854  81
3855  120
3856  76
3857  102
3858  190
3859  90
3860  190
3861  100
3862  130
3863  92
3864  93
3865  89
3866  124
3867  137
3868  103
3869  138
3870  138
3871  95
3872  111
3873  190
3874  103
3875  77
3876  110
3877  190
3878  104
3879  81
3880  108
3881  124
3882  84
3883  108
3884  190
3885  77
3886  177
3887  81
3888  94
3889  157
3890  88
3891  144
3892  103
3893  93
3894  89
3895  112
3896  134
3897  79
3898  108
3899  93
3900  138
3901  93
3902  190
3903  127
3904  90
3905  90
3906  138
3907  137
3908  88
3909  129
3910  84
3911  93
3912  103
3913  159
3914  100
3915  125
3916  86
3917  103
3918  112
3919  108
3920  108
3921  137
3922  78
3923  86
3924  138
3925  82
3926  190
3927  121
3928  87
3929  126
3930  190
3931  125
3932  89
3933  108
3934  108
3935  76
3936  98
3937  115
3938  190
3939  83
3940  109
3941  94
3942  78
3943  190
3944  127
3945  125
3946  83
3947  138
3948  190
3949  90
3950  94
3951  138
3952  82
3953  82
3954  80
3955  85
3956  125
3957  112
3958  102
3959  78
3960  108
3961  87
3962  190
3963  85
3964  108
3965  84
3966  190
3967  108
3968  190
3969  138
3970  96
3971  190
3972  124
3973  107
3974  76
3975  112
3976  129
3977  94
3978  87
3979  94
3980  44
3981  44
3982  44
3983  25
3984  22
3985  36
3986  42
3987  23
3988  39
3989  30
3990  28
3991  28
3992  28
3993  36
3994  44
3995  40
3996  28
3997  44
3998  44
3999  28
4000  41
4001  23
4002  40
4003  41
4004  40
4005  28
4006  25
4007  28
4008  22
4009  44
4010  22
4011  30
4012  23
4013  38
4014  44
4015  22
4016  28
4017  42
4018  44
4019  44
4020  40
4021  44
4022  22
4023  44
4024  22
4025  28
4026  42
4027  34
4028  24
4029  23
4030  44
4031  40
4032  25
4033  28
4034  28
4035  22
4036  24
4037  33
4038  40
