1  10
2  8
3  14
4  2
5  7
6  2
7  10
8  2
9  25
10  10
13  23
14  9
16  6
17  8
19  6
20  8
21  25
22  6
23  5
24  10
25  25
26  25
27  4
28  9
29  8
30  14
31  15
32  2
34  10
35  1
36  1
38  5
39  11
40  25
41  9
44  5
45  9
46  4
48  10
49  1
50  7
51  4
52  1
53  10
54  6
55  17
56  25
57  10
58  32
59  18
60  9
61  1
62  21
63  7
64  3
65  10
66  15
67  25
68  6
69  8
70  1
71  1
72  21
73  5
75  13
76  2
77  3
78  2
79  15
80  10
82  21
83  4
84  9
85  9
86  5
87  9
88  10
89  2
91  2
92  10
93  4
94  10
95  2
96  4
97  1
98  25
99  6
100  3
101  10
102  3
103  16
104  25
105  11
106  6
107  84
108  3
109  25
110  2
111  8
112  1
113  25
115  9
116  9
117  3
118  23
119  25
120  2
121  7
122  25
123  16
124  2
125  4
126  4
127  4
128  23
129  3
130  10
131  6
132  11
133  15
134  17
135  1
136  73
137  8
138  1
139  1
140  8
141  21
142  25
143  6
144  9
146  7
147  2
148  16
149  9
150  6
151  6
152  2
153  1
154  1
155  1
156  7
158  18
159  5
161  21
162  6
163  3
164  2
165  8
167  2
168  6
169  25
170  25
171  26
172  23
173  9
174  1
175  6
176  13
177  6
178  8
180  10
181  2
184  5
185  23
186  25
187  9
188  25
189  3
190  1
191  1
192  1
193  2
194  10
195  2
196  9
197  4
198  5
199  25
200  25
201  2
202  1
203  25
204  10
205  1
207  4
208  7
211  23
212  17
213  21
214  8
217  4
218  2
219  2
220  2
221  8
222  10
223  23
224  21
225  6
226  9
227  6
229  4
230  3
231  16
232  21
234  1
235  2
236  22
237  4
238  19
239  25
240  1
241  1
242  10
243  4
245  2
246  12
248  18
249  10
250  4
251  3
252  25
253  1
254  10
255  1
257  13
258  9
259  2
260  5
261  23
262  2
263  4
264  2
265  23
266  10
267  1
268  10
269  3
270  3
271  25
272  23
273  2
274  8
275  2
276  19
277  25
278  6
279  1
280  25
281  4
283  3
284  4
285  25
288  4
289  3
290  17
291  21
293  1
294  1
295  5
296  4
297  24
298  11
299  10
300  5
301  1
302  10
303  16
304  25
305  1
306  2
307  2
308  17
309  1
310  6
311  3
312  9
313  23
314  10
315  25
317  3
318  11
319  2
320  6
321  2
322  25
323  25
324  19
325  25
326  9
327  2
328  2
329  16
330  10
331  19
332  25
333  5
334  19
336  3
337  4
338  5
339  13
340  3
341  12
342  23
343  9
344  6
345  13
346  10
347  2
348  42
349  6
350  15
351  5
352  20
353  42
354  18
355  24
356  5
357  10
358  5
359  19
360  35
361  16
362  13
363  42
364  5
365  10
366  42
367  24
368  28
369  12
370  42
371  7
372  13
373  42
374  42
375  16
376  42
377  5
378  42
379  5
380  7
381  8
382  11
383  6
384  5
385  14
386  5
387  37
388  36
389  31
390  10
391  42
392  37
393  5
394  33
395  42
396  19
397  28
398  26
399  5
400  42
401  5
402  40
403  15
404  37
405  12
406  6
407  10
408  37
409  28
410  16
411  5
412  42
413  16
414  42
415  23
416  24
417  42
418  23
419  37
420  39
421  21
422  29
423  42
424  8
425  21
426  18
427  12
428  42
429  8
430  37
431  42
432  39
433  9
434  35
435  10
436  42
437  6
438  42
439  37
440  16
441  5
442  17
443  5
444  37
445  21
446  21
447  5
448  6
449  11
450  19
451  27
452  31
453  5
454  5
455  20
456  39
457  9
458  23
459  7
460  40
461  42
462  13
463  29
464  5
465  42
466  8
467  5
468  5
469  13
470  11
471  33
472  7
473  31
474  15
475  42
476  5
477  9
478  8
479  33
480  9
481  20
482  37
483  48
484  42
485  7
486  8
487  36
488  31
489  18
490  14
491  13
492  42
493  37
494  21
495  22
496  37
497  42
498  6
499  5
500  42
501  5
502  14
503  37
504  23
505  7
506  42
507  42
508  16
509  8
510  19
511  32
512  27
513  42
514  42
515  42
516  10
517  42
518  10
519  21
520  40
521  17
522  8
523  37
524  42
525  42
526  48
527  41
528  12
529  9
530  5
531  21
532  5
533  6
534  8
535  12
536  18
537  37
538  42
539  13
540  9
541  12
542  42
543  16
544  42
545  37
546  23
547  21
548  24
549  9
550  5
551  8
552  5
553  42
554  9
555  24
556  37
557  28
558  21
559  42
560  29
561  42
562  6
563  42
564  5
565  22
566  42
567  42
568  7
569  15
570  29
571  7
572  5
573  13
574  8
575  10
576  15
577  17
578  17
579  13
580  42
581  3
582  17
583  17
584  10
585  3
586  6
587  9
588  13
589  11
590  13
591  42
592  13
593  6
594  9
595  17
596  37
597  13
598  13
599  17
600  17
601  33
602  3
603  11
604  35
605  13
606  42
607  3
608  3
609  13
610  8
611  11
612  13
613  3
614  33
615  17
616  9
617  13
618  13
619  13
620  13
621  5
622  7
623  10
624  3
625  12
626  12
627  17
628  11
629  19
630  13
631  7
632  17
633  12
634  14
635  17
636  13
637  42
638  3
639  10
640  17
641  42
642  3
643  17
644  13
645  24
646  12
647  15
648  4
649  16
650  16
651  42
652  7
653  13
654  13
655  7
656  5
657  5
658  17
659  17
660  3
661  17
662  17
663  7
664  12
665  16
666  13
667  5
668  3
669  36
670  17
671  7
672  9
673  7
674  3
675  17
676  21
677  13
678  13
679  6
680  13
681  17
682  8
683  33
684  12
685  13
686  26
687  20
688  26
689  5
690  12
691  5
692  4
693  16
694  26
695  26
696  26
697  26
698  26
699  5
700  8
701  21
702  5
703  22
704  6
705  26
706  23
707  5
708  25
709  17
710  9
711  21
712  5
713  26
714  6
715  13
716  11
717  4
718  20
719  26
720  13
721  8
722  15
723  15
724  26
725  6
726  26
727  22
728  21
729  9
730  14
731  26
732  6
733  6
734  19
735  7
736  8
737  17
738  21
739  20
740  8
741  16
742  8
743  5
744  5
745  26
746  6
747  26
748  18
749  4
750  5
751  16
752  26
753  13
754  22
755  15
756  12
757  5
758  16
759  13
760  26
761  10
762  16
763  11
764  20
765  13
766  26
767  5
768  6
769  15
770  18
771  7
772  22
773  26
774  26
775  4
776  7
777  18
778  17
779  16
780  25
781  26
782  8
783  16
784  26
785  5
786  6
787  20
788  5
789  6
790  5
791  6
792  19
793  14
794  15
795  14
796  6
797  19
798  8
799  10
800  26
801  4
802  6
803  18
804  10
805  26
806  6
807  19
808  7
809  15
810  26
811  11
812  10
813  9
814  23
815  26
816  6
817  20
818  8
819  25
820  24
821  10
822  6
823  26
824  26
825  8
826  13
827  26
828  26
829  26
830  26
831  16
832  4
833  6
834  26
835  17
836  9
837  12
838  20
839  6
840  25
841  4
842  26
843  12
844  17
845  22
846  9
847  26
848  20
849  20
850  8
851  9
852  4
853  26
854  6
855  4
856  22
857  23
858  3
859  3
860  15
861  5
862  28
863  5
864  4
865  4
866  3
867  3
868  4
869  6
870  3
871  3
872  3
873  3
874  3
875  3
876  5
877  3
878  5
879  3
880  10
881  3
882  5
883  3
884  3
885  3
886  4
887  3
888  5
889  5
890  5
891  3
892  3
893  4
894  3
895  3
896  48
897  58
898  39
899  13
900  20
901  32
902  48
903  32
904  14
905  22
906  73
907  20
908  24
909  13
910  13
911  13
912  15
913  33
914  20
915  33
916  84
917  48
918  13
919  40
920  19
921  84
922  28
923  15
924  33
925  84
926  29
927  70
928  15
929  14
930  37
931  17
932  61
933  31
934  84
935  15
936  38
937  14
938  32
939  15
940  22
941  46
942  48
943  18
944  33
945  14
946  84
947  84
948  33
949  26
950  18
951  21
952  84
953  83
954  48
955  13
956  14
957  48
958  30
959  45
960  83
961  15
962  28
963  32
964  26
965  23
966  84
967  79
968  33
969  37
970  22
971  33
972  27
973  19
974  18
975  48
976  31
977  25
978  84
979  13
980  84
981  48
982  68
983  63
984  48
985  15
986  18
987  15
988  48
989  44
990  31
991  19
992  32
993  84
994  33
995  55
996  14
997  80
998  17
999  80
1000  18
1001  36
1002  13
1003  80
1004  84
1005  20
1006  84
1007  24
1008  15
1009  48
1010  31
1011  31
1012  35
1013  21
1014  48
1015  41
1016  13
1017  84
1018  48
1019  48
1020  48
1021  48
1022  15
1023  16
1024  80
1025  36
1026  75
1027  13
1028  73
1029  62
1030  14
1031  14
1032  48
1033  20
1034  13
1035  27
1036  48
1037  33
1038  14
1039  36
1040  64
1041  31
1042  22
1043  13
1044  33
1045  16
1046  13
1047  66
1048  80
1049  73
1050  13
1051  33
1052  33
1053  13
1054  55
1055  15
1056  63
1057  15
1058  14
1059  84
1060  48
1061  15
1062  22
1063  28
1064  18
1065  13
1066  48
1067  48
1068  51
1069  26
1070  33
1071  13
1072  25
1073  17
1074  59
1075  72
1076  84
1077  19
1078  84
1079  84
1080  38
1081  39
1082  48
1083  83
1084  20
1085  40
1086  84
1087  14
1088  16
1089  18
1090  18
1091  30
1092  52
1093  18
1094  17
1095  29
1096  13
1097  32
1098  23
1099  48
1100  48
1101  84
1102  48
1103  16
1104  48
1105  13
1106  26
1107  84
1108  48
1109  31
1110  61
1111  13
1112  58
1113  36
1114  35
1115  44
1116  39
1117  84
1118  32
1119  13
1120  48
1121  28
1122  38
1123  63
1124  84
1125  84
1126  84
1127  21
1128  84
1129  48
1130  68
1131  28
1132  84
1133  16
1134  17
1135  69
1136  24
1137  31
1138  13
1139  28
1140  18
1141  23
1142  33
1143  21
1144  23
1145  13
1146  84
1147  16
1148  48
1149  84
1150  15
1151  15
1152  28
1153  84
1154  14
1155  38
1156  83
1157  13
1158  48
1159  33
1160  78
1161  16
1162  15
1163  84
1164  35
1165  20
1166  48
1167  29
1168  14
1169  21
1170  33
1171  30
1172  84
1173  80
1174  18
1175  84
1176  14
1177  13
1178  16
1179  38
1180  55
1181  84
1182  69
1183  33
1184  84
1185  84
1186  25
1187  23
1188  32
1189  30
1190  47
1191  84
1192  48
1193  16
1194  13
1195  50
1196  31
1197  14
1198  83
1199  84
1200  14
1201  62
1202  13
1203  17
1204  48
1205  81
1206  13
1207  75
1208  13
1209  73
1210  35
1211  84
1212  17
1213  22
1214  83
1215  40
1216  32
1217  33
1218  14
1219  57
1220  18
1221  48
1222  84
1223  25
1224  13
1225  31
1226  31
1227  48
1228  24
1229  47
1230  84
1231  48
1232  32
1233  14
1234  15
1235  48
1236  33
1237  38
1238  84
1239  19
1240  14
1241  25
1242  80
1243  84
1244  19
1245  44
1246  31
1247  24
1248  15
1249  19
1250  84
1251  19
1252  13
1253  13
1254  13
1255  84
1256  84
1257  48
1258  33
1259  31
1260  33
1261  48
1262  14
1263  17
1264  14
1265  34
1266  15
1267  84
1268  18
1269  84
1270  13
1271  83
1272  78
1273  48
1274  24
1275  33
1276  14
1277  48
1278  41
1279  48
1280  71
1281  46
1282  48
1283  21
1284  48
1285  57
1286  34
1287  77
1288  83
1289  83
1290  76
1291  84
1292  48
1293  57
1294  26
1295  13
1296  29
1297  15
1298  48
1299  32
1300  37
1301  14
1302  84
1303  48
1304  28
1305  80
1306  30
1307  24
1308  23
1309  48
1310  30
1311  27
1312  74
1313  38
1314  32
1315  47
1316  41
1317  20
1318  36
1319  32
1320  38
1321  21
1322  48
1323  75
1324  48
1325  22
1326  13
1327  38
1328  20
1329  84
1330  84
1331  84
1332  36
1333  32
1334  77
1335  84
1336  64
1337  21
1338  33
1339  84
1340  68
1341  84
1342  15
1343  29
1344  80
1345  48
1346  14
1347  48
1348  30
1349  37
1350  36
1351  76
1352  84
1353  13
1354  14
1355  33
1356  15
1357  33
1358  38
1359  73
1360  24
1361  84
1362  15
1363  27
1364  20
1365  51
1366  33
1367  84
1368  13
1369  40
1370  84
1371  32
1372  14
1373  48
1374  38
1375  73
1376  84
1377  84
1378  32
1379  48
1380  82
1381  38
1382  46
1383  13
1384  15
1385  21
1386  13
1387  15
1388  78
1389  52
1390  84
1391  84
1392  48
1393  53
1394  13
1395  13
1396  48
1397  27
1398  47
1399  84
1400  32
1401  24
1402  78
1403  13
1404  48
1405  44
1406  38
1407  42
1408  33
1409  80
1410  22
1411  18
1412  25
1413  48
1414  20
1415  29
1416  84
1417  17
1418  25
1419  28
1420  84
1421  23
1422  20
1423  48
1424  24
1425  32
1426  48
1427  38
1428  27
1429  35
1430  13
1431  84
1432  48
1433  24
1434  16
1435  42
1436  30
1437  50
1438  40
1439  33
1440  22
1441  17
1442  15
1443  14
1444  33
1445  16
1446  35
1447  84
1448  48
1449  80
1450  31
1451  40
1452  32
1453  20
1454  48
1455  18
1456  84
1457  67
1458  32
1459  48
1460  45
1461  16
1462  48
1463  23
1464  28
1465  77
1466  13
1467  84
1468  32
1469  33
1470  67
1471  84
1472  33
1473  36
1474  13
1475  48
1476  14
1477  15
1478  15
1479  48
1480  78
1481  24
1482  33
1483  80
1484  31
1485  48
1486  14
1487  38
1488  84
1489  26
1490  22
1491  84
1492  25
1493  31
1494  24
1495  48
1496  33
1497  26
1498  15
1499  13
1500  28
1501  22
1502  48
1503  30
1504  33
1505  32
1506  17
1507  30
1508  41
1509  84
1510  15
1511  24
1512  35
1513  47
1514  37
1515  48
1516  84
1517  46
1518  20
1519  30
1520  84
1521  13
1522  84
1523  57
1524  50
1525  33
1526  27
1527  17
1528  63
1529  33
1530  84
1531  20
1532  47
1533  32
1534  32
1535  62
1536  36
1537  21
1538  73
1539  80
1540  53
1541  30
1542  61
1543  35
1544  17
1545  35
1546  13
1547  84
1548  32
1549  33
1550  43
1551  84
1552  15
1553  29
1554  84
1555  24
1556  36
1557  84
1558  13
1559  84
1560  13
1561  22
1562  16
1563  84
1564  16
1565  35
1566  17
1567  24
1568  32
1569  33
1570  83
1571  57
1572  46
1573  48
1574  38
1575  22
1576  48
1577  77
1578  42
1579  15
1580  80
1581  13
1582  44
1583  48
1584  84
1585  19
1586  13
1587  48
1588  24
1589  84
1590  75
1591  48
1592  33
1593  24
1594  17
1595  48
1596  48
1597  84
1598  84
1599  15
1600  84
1601  32
1602  17
1603  84
1604  84
1605  81
1606  35
1607  13
1608  84
1609  78
1610  84
1611  48
1612  84
1613  84
1614  72
1615  23
1616  38
1617  84
1618  27
1619  84
1620  80
1621  84
1622  84
1623  84
1624  30
1625  28
1626  24
1627  13
1628  48
1629  28
1630  33
1631  22
1632  80
1633  27
1634  33
1635  38
1636  48
1637  80
1638  44
1639  70
1640  15
1641  15
1642  29
1643  84
1644  68
1645  38
1646  22
1647  48
1648  28
1649  34
1650  25
1651  16
1652  80
1653  77
1654  18
1655  48
1656  31
1657  13
1658  26
1659  79
1660  26
1661  48
1662  84
1663  84
1664  15
1665  84
1666  32
1667  25
1668  84
1669  84
1670  17
1671  25
1672  25
1673  38
1674  25
1675  84
1676  19
1677  36
1678  21
1679  33
1680  48
1681  28
1682  46
1683  84
1684  53
1685  81
1686  33
1687  24
1688  73
1689  84
1690  14
1691  48
1692  38
1693  13
1694  29
1695  32
1696  16
1697  17
1698  23
1699  33
1700  25
1701  15
1702  28
1703  33
1704  26
1705  24
1706  44
1707  84
1708  17
1709  33
1710  24
1711  15
1712  84
1713  13
1714  84
1715  48
1716  48
1717  84
1718  77
1719  22
1720  48
1721  84
1722  55
1723  60
1724  60
1725  33
1726  31
1727  33
1728  36
1729  48
1730  84
1731  14
1732  48
1733  32
1734  58
1735  84
1736  84
1737  79
1738  32
1739  19
1740  36
1741  83
1742  48
1743  20
1744  36
1745  26
1746  84
1747  26
1748  17
1749  17
1750  84
1751  48
1752  84
1753  79
1754  57
1755  14
1756  20
1757  84
1758  32
1759  14
1760  14
1761  84
1762  15
1763  35
1764  34
1765  63
1766  35
1767  38
1768  84
1769  29
1770  33
1771  28
1772  65
1773  27
1774  40
1775  18
1776  13
1777  18
1778  35
1779  19
1780  20
1781  29
1782  65
1783  48
1784  24
1785  29
1786  48
1787  32
1788  13
1789  84
1790  38
1791  84
1792  14
1793  84
1794  33
1795  80
1796  75
1797  15
1798  32
1799  84
1800  84
1801  27
1802  22
1803  22
1804  84
1805  21
1806  24
1807  33
1808  19
1809  83
1810  84
1811  67
1812  48
1813  84
1814  14
1815  28
1816  84
1817  14
1818  30
1819  79
1820  48
1821  36
1822  14
1823  84
1824  48
1825  24
1826  84
1827  84
1828  48
1829  15
1830  23
1831  20
1832  49
1833  84
1834  13
1835  84
1836  31
1837  32
1838  13
1839  84
1840  15
1841  48
1842  84
1843  44
1844  38
1845  78
1846  35
1847  24
1848  45
1849  84
1850  29
1851  39
1852  20
1853  21
1854  13
1855  16
1856  14
1857  48
1858  19
1859  48
1860  19
1861  80
1862  48
1863  41
1864  82
1865  14
1866  24
1867  84
1868  84
1869  21
1870  30
1871  48
1872  48
1873  48
1874  24
1875  33
1876  33
1877  70
1878  35
1879  84
1880  32
1881  37
1882  38
1883  19
1884  39
1885  30
1886  84
1887  22
1888  84
1889  14
1890  13
1891  75
1892  23
1893  48
1894  48
1895  32
1896  13
1897  33
1898  82
1899  48
1900  30
1901  18
1902  84
1903  44
1904  29
1905  14
1906  29
1907  43
1908  15
1909  27
1910  20
1911  24
1912  121
1913  16
1914  32
1915  10
1916  70
1917  121
1918  121
1919  32
1920  77
1921  32
1922  13
1923  31
1924  7
1925  116
1926  77
1927  32
1928  23
1929  121
1930  17
1931  30
1932  77
1933  11
1934  11
1935  32
1936  13
1937  8
1938  121
1939  61
1940  77
1941  104
1942  25
1943  121
1944  20
1945  77
1946  121
1947  77
1948  77
1949  10
1950  15
1951  32
1952  15
1953  117
1954  70
1955  77
1956  7
1957  32
1958  29
1959  77
1960  20
1961  9
1962  121
1963  85
1964  38
1965  20
1966  121
1967  8
1968  30
1969  9
1970  51
1971  121
1972  32
1973  32
1974  9
1975  20
1976  30
1977  9
1978  12
1979  121
1980  32
1981  44
1982  14
1983  121
1984  121
1985  121
1986  121
1987  37
1988  10
1989  87
1990  15
1991  32
1992  7
1993  121
1994  65
1995  32
1996  7
1997  121
1998  32
1999  29
2000  26
2001  32
2002  72
2003  37
2004  32
2005  121
2006  32
2007  77
2008  10
2009  32
2010  77
2011  30
2012  17
2013  9
2014  13
2015  8
2016  21
2017  7
2018  32
2019  11
2020  121
2021  33
2022  32
2023  20
2024  32
2025  23
2026  77
2027  32
2028  77
2029  22
2030  121
2031  31
2032  77
2033  121
2034  8
2035  20
2036  15
2037  121
2038  77
2039  77
2040  121
2041  9
2042  77
2043  121
2044  19
2045  121
2046  116
2047  77
2048  15
2049  20
2050  22
2051  10
2052  77
2053  77
2054  77
2055  72
2056  96
2057  39
2058  70
2059  121
2060  99
2061  32
2062  55
2063  121
2064  121
2065  26
2066  14
2067  22
2068  77
2069  121
2070  15
2071  77
2072  77
2073  121
2074  121
2075  37
2076  7
2077  119
2078  121
2079  7
2080  11
2081  77
2082  15
2083  121
2084  116
2085  17
2086  121
2087  77
2088  121
2089  20
2090  121
2091  20
2092  29
2093  121
2094  7
2095  121
2096  18
2097  31
2098  110
2099  18
2100  8
2101  54
2102  77
2103  121
2104  121
2105  12
2106  7
2107  20
2108  121
2109  121
2110  33
2111  77
2112  121
2113  8
2114  14
2115  121
2116  32
2117  77
2118  121
2119  14
2120  14
2121  121
2122  121
2123  121
2124  121
2125  77
2126  20
2127  77
2128  72
2129  20
2130  13
2131  121
2132  67
2133  77
2134  77
2135  77
2136  72
2137  53
2138  77
2139  121
2140  121
2141  19
2142  121
2143  76
2144  74
2145  25
2146  17
2147  33
2148  77
2149  77
2150  121
2151  77
2152  12
2153  77
2154  121
2155  31
2156  14
2157  31
2158  14
2159  32
2160  14
2161  59
2162  15
2163  31
2164  88
2165  117
2166  13
2167  7
2168  7
2169  77
2170  8
2171  32
2172  121
2173  16
2174  77
2175  14
2176  77
2177  15
2178  7
2179  95
2180  77
2181  12
2182  8
2183  77
2184  121
2185  21
2186  14
2187  77
2188  121
2189  77
2190  121
2191  77
2192  32
2193  13
2194  77
2195  7
2196  77
2197  18
2198  57
2199  77
2200  121
2201  121
2202  32
2203  77
2204  7
2205  16
2206  121
2207  9
2208  23
2209  26
2210  92
2211  28
2212  121
2213  101
2214  19
2215  51
2216  121
2217  9
2218  121
2219  8
2220  121
2221  26
2222  30
2223  77
2224  77
2225  32
2226  32
2227  10
2228  20
2229  121
2230  9
2231  20
2232  50
2233  121
2234  18
2235  49
2236  20
2237  119
2238  10
2239  45
2240  121
2241  77
2242  27
2243  46
2244  121
2245  7
2246  77
2247  77
2248  14
2249  23
2250  77
2251  10
2252  14
2253  121
2254  75
2255  7
2256  9
2257  121
2258  50
2259  49
2260  16
2261  119
2262  11
2263  8
2264  65
2265  9
2266  121
2267  69
2268  77
2269  7
2270  10
2271  121
2272  19
2273  77
2274  28
2275  121
2276  121
2277  14
2278  121
2279  77
2280  49
2281  7
2282  77
2283  77
2284  32
2285  56
2286  18
2287  71
2288  16
2289  77
2290  121
2291  14
2292  77
2293  58
2294  77
2295  26
2296  21
2297  30
2298  15
2299  121
2300  100
2301  8
2302  77
2303  24
2304  56
2305  18
2306  110
2307  121
2308  121
2309  121
2310  20
2311  50
2312  14
2313  20
2314  15
2315  72
2316  10
2317  20
2318  23
2319  77
2320  7
2321  7
2322  22
2323  121
2324  121
2325  46
2326  121
2327  77
2328  77
2329  116
2330  50
2331  121
2332  77
2333  77
2334  119
2335  20
2336  77
2337  27
2338  77
2339  121
2340  121
2341  15
2342  20
2343  76
2344  77
2345  36
2346  30
2347  121
2348  121
2349  7
2350  25
2351  77
2352  121
2353  86
2354  121
2355  25
2356  121
2357  11
2358  10
2359  121
2360  13
2361  20
2362  18
2363  121
2364  32
2365  32
2366  24
2367  38
2368  69
2369  121
2370  121
2371  20
2372  77
2373  12
2374  121
2375  8
2376  121
2377  72
2378  32
2379  28
2380  9
2381  121
2382  7
2383  22
2384  77
2385  51
2386  121
2387  36
2388  9
2389  21
2390  37
2391  60
2392  92
2393  22
2394  67
2395  121
2396  51
2397  20
2398  77
2399  67
2400  17
2401  11
2402  16
2403  15
2404  121
2405  14
2406  21
2407  89
2408  121
2409  121
2410  121
2411  20
2412  14
2413  15
2414  121
2415  31
2416  22
2417  56
2418  115
2419  77
2420  76
2421  7
2422  8
2423  121
2424  12
2425  22
2426  10
2427  23
2428  121
2429  77
2430  121
2431  8
2432  23
2433  121
2434  64
2435  21
2436  77
2437  7
2438  49
2439  8
2440  20
2441  8
2442  8
2443  15
2444  7
2445  68
2446  121
2447  32
2448  20
2449  35
2450  9
2451  77
2452  11
2453  11
2454  14
2455  12
2456  10
2457  7
2458  75
2459  32
2460  121
2461  77
2462  87
2463  77
2464  121
2465  62
2466  8
2467  121
2468  121
2469  121
2470  7
2471  77
2472  64
2473  42
2474  19
2475  77
2476  30
2477  111
2478  74
2479  37
2480  15
2481  7
2482  121
2483  7
2484  118
2485  121
2486  7
2487  7
2488  20
2489  103
2490  8
2491  77
2492  121
2493  10
2494  29
2495  121
2496  27
2497  16
2498  77
2499  82
2500  121
2501  51
2502  37
2503  14
2504  121
2505  8
2506  112
2507  121
2508  77
2509  77
2510  77
2511  77
2512  77
2513  7
2514  11
2515  7
2516  77
2517  10
2518  42
2519  37
2520  121
2521  121
2522  18
2523  16
2524  18
2525  26
2526  121
2527  7
2528  8
2529  31
2530  28
2531  18
2532  105
2533  77
2534  15
2535  8
2536  60
2537  67
2538  32
2539  121
2540  20
2541  7
2542  121
2543  121
2544  33
2545  9
2546  121
2547  55
2548  8
2549  121
2550  121
2551  121
2552  110
2553  121
2554  95
2555  77
2556  118
2557  22
2558  8
2559  121
2560  121
2561  121
2562  14
2563  104
2564  121
2565  7
2566  16
2567  77
2568  10
2569  7
2570  15
2571  29
2572  20
2573  121
2574  96
2575  119
2576  40
2577  15
2578  121
2579  113
2580  12
2581  17
2582  77
2583  32
2584  10
2585  32
2586  121
2587  13
2588  77
2589  73
2590  121
2591  93
2592  77
2593  121
2594  70
2595  7
2596  7
2597  77
2598  77
2599  18
2600  121
2601  121
2602  121
2603  47
2604  121
2605  19
2606  77
2607  121
2608  75
2609  51
2610  25
2611  121
2612  20
2613  33
2614  12
2615  121
2616  77
2617  77
2618  18
2619  121
2620  32
2621  8
2622  10
2623  118
2624  121
2625  121
2626  23
2627  32
2628  20
2629  77
2630  121
2631  108
2632  9
2633  31
2634  7
2635  20
2636  32
2637  25
2638  121
2639  29
2640  32
2641  15
2642  77
2643  77
2644  20
2645  32
2646  119
2647  32
2648  32
2649  77
2650  7
2651  8
2652  39
2653  73
2654  121
2655  121
2656  13
2657  32
2658  27
2659  30
2660  32
2661  48
2662  31
2663  22
2664  53
2665  34
2666  53
2667  18
2668  24
2669  53
2670  12
2671  13
2672  37
2673  34
2674  48
2675  31
2676  53
2677  17
2678  15
2679  53
2680  50
2681  47
2682  19
2683  49
2684  31
2685  18
2686  27
2687  26
2688  15
2689  53
2690  24
2691  12
2692  15
2693  17
2694  53
2695  18
2696  19
2697  16
2698  53
2699  12
2700  14
2701  31
2702  24
2703  12
2704  13
2705  32
2706  50
2707  21
2708  35
2709  14
2710  15
2711  30
2712  44
2713  30
2714  12
2715  27
2716  45
2717  53
2718  30
2719  48
2720  44
2721  13
2722  14
2723  17
2724  30
2725  15
2726  18
2727  15
2728  29
2729  47
2730  31
2731  29
2732  12
2733  31
2734  20
2735  19
2736  15
2737  25
2738  49
2739  27
2740  13
2741  48
2742  48
2743  47
2744  18
2745  33
2746  25
2747  18
2748  45
2749  50
2750  53
2751  33
2752  14
2753  45
2754  53
2755  53
2756  43
2757  53
2758  30
2759  20
2760  15
2761  27
2762  22
2763  49
2764  22
2765  48
2766  18
2767  12
2768  30
2769  15
2770  48
2771  17
2772  27
2773  48
2774  12
2775  25
2776  12
2777  53
2778  48
2779  23
2780  41
2781  45
2782  53
2783  31
2784  24
2785  35
2786  53
2787  35
2788  12
2789  17
2790  14
2791  16
2792  12
2793  48
2794  24
2795  20
2796  45
2797  29
2798  13
2799  12
2800  53
2801  17
2802  20
2803  20
2804  17
2805  13
2806  43
2807  15
2808  12
2809  18
2810  49
2811  17
2812  23
2813  20
2814  12
2815  53
2816  20
2817  12
2818  17
2819  23
2820  15
2821  18
2822  17
2823  38
2824  13
2825  22
2826  14
2827  53
2828  48
2829  27
2830  29
2831  20
2832  26
2833  48
2834  12
2835  47
2836  23
2837  14
2838  13
2839  53
2840  31
2841  22
2842  12
2843  29
2844  30
2845  30
2846  27
2847  15
2848  19
2849  48
2850  41
2851  18
2852  22
2853  48
2854  30
2855  15
2856  18
2857  12
2858  20
2859  24
2860  14
2861  12
2862  50
2863  48
2864  53
2865  26
2866  53
2867  53
2868  19
2869  48
2870  22
2871  31
2872  53
2873  49
2874  44
2875  43
2876  21
2877  53
2878  18
2879  12
2880  53
2881  31
2882  15
2883  22
2884  14
2885  13
2886  14
2887  40
2888  16
2889  12
2890  53
2891  29
2892  30
2893  14
2894  44
2895  18
2896  48
2897  53
2898  17
2899  12
2900  20
2901  45
2902  12
2903  15
2904  44
2905  53
2906  53
2907  37
2908  37
2909  53
2910  53
2911  53
2912  53
2913  53
2914  34
2915  53
2916  53
2917  27
2918  23
2919  53
2920  53
2921  31
2922  12
2923  18
2924  40
2925  53
2926  14
2927  53
2928  53
2929  47
2930  12
2931  47
2932  31
2933  16
2934  18
2935  16
2936  45
2937  45
2938  24
2939  48
2940  53
2941  18
2942  17
2943  53
2944  53
2945  48
2946  46
2947  23
2948  23
2949  14
2950  40
2951  40
2952  13
2953  40
2954  16
2955  31
2956  53
2957  17
2958  31
2959  12
2960  53
2961  15
2962  17
2963  13
2964  19
2965  23
2966  53
2967  26
2968  20
2969  53
2970  48
2971  12
2972  12
2973  48
2974  52
2975  12
2976  39
2977  35
2978  17
2979  18
2980  15
2981  27
2982  12
2983  15
2984  28
2985  53
2986  53
2987  33
2988  49
2989  45
2990  19
2991  48
2992  48
2993  48
2994  49
2995  18
2996  31
2997  15
2998  13
2999  24
3000  53
3001  24
3002  31
3003  13
3004  50
3005  34
3006  13
3007  29
3008  12
3009  25
3010  25
3011  31
3012  14
3013  24
3014  44
3015  17
3016  31
3017  44
3018  30
3019  31
3020  25
3021  48
3022  53
3023  36
3024  20
3025  40
3026  53
3027  40
3028  14
3029  48
3030  13
3031  12
3032  25
3033  53
3034  31
3035  48
3036  35
3037  12
3038  45
3039  29
3040  53
3041  28
3042  24
3043  22
3044  16
3045  12
3046  33
3047  53
3048  17
3049  48
3050  18
3051  47
3052  42
3053  12
3054  53
3055  12
3056  53
3057  17
3058  20
3059  12
3060  45
3061  16
3062  27
3063  14
3064  53
3065  53
3066  14
3067  19
3068  20
3069  20
3070  48
3071  12
3072  31
3073  49
3074  12
3075  23
3076  45
3077  30
3078  53
3079  35
3080  22
3081  22
3082  48
3083  14
3084  49
3085  48
3086  30
3087  31
3088  18
3089  41
3090  53
3091  13
3092  18
3093  22
3094  18
3095  16
3096  53
3097  31
3098  53
3099  13
3100  31
3101  48
3102  48
3103  21
3104  50
3105  13
3106  45
3107  31
3108  53
3109  22
3110  21
3111  39
3112  22
3113  46
3114  37
3115  46
3116  48
3117  47
3118  31
3119  49
3120  48
3121  12
3122  12
3123  33
3124  28
3125  13
3126  13
3127  12
3128  14
3129  36
3130  14
3131  12
3132  48
3133  17
3134  13
3135  38
3136  31
3137  36
3138  17
3139  17
3140  43
3141  12
3142  53
3143  12
3144  18
3145  45
3146  48
3147  12
3148  31
3149  53
3150  48
3151  20
3152  48
3153  15
3154  44
3155  14
3156  18
3157  20
3158  47
3159  16
3160  34
3161  13
3162  30
3163  32
3164  16
3165  15
3166  37
3167  22
3168  30
3169  48
3170  32
3171  19
3172  45
3173  19
3174  53
3175  14
3176  26
3177  30
3178  19
3179  45
3180  12
3181  12
3182  45
3183  12
3184  49
3185  46
3186  25
3187  29
3188  41
3189  25
3190  17
3191  31
3192  24
3193  25
3194  21
3195  53
3196  30
3197  18
3198  45
3199  29
3200  12
3201  48
3202  21
3203  30
3204  45
3205  17
3206  48
3207  30
3208  15
3209  26
3210  20
3211  21
3212  35
3213  38
3214  31
3215  27
3216  12
3217  15
3218  12
3219  31
3220  49
3221  23
3222  17
3223  24
3224  44
3225  32
3226  53
3227  13
3228  42
3229  16
3230  12
3231  17
3232  53
3233  30
3234  30
3235  18
3236  25
3237  27
3238  45
3239  48
3240  45
3241  19
3242  16
3243  34
3244  16
3245  20
3246  17
3247  48
3248  23
3249  21
3250  45
3251  12
3252  48
3253  31
3254  17
3255  29
3256  31
3257  40
3258  40
3259  28
3260  32
3261  43
3262  28
3263  31
3264  28
3265  48
3266  14
3267  48
3268  12
3269  12
3270  15
3271  12
3272  40
3273  27
3274  40
3275  21
3276  22
3277  48
3278  20
3279  26
3280  48
3281  19
3282  13
3283  12
3284  53
3285  24
3286  27
3287  38
3288  44
3289  24
3290  13
3291  48
3292  16
3293  48
3294  27
3295  30
3296  40
3297  48
3298  39
3299  42
3300  14
3301  44
3302  40
3303  30
3304  39
3305  14
3306  28
3307  19
3308  14
3309  13
3310  14
3311  12
3312  19
3313  31
3314  12
3315  18
3316  46
3317  12
3318  12
3319  29
3320  47
3321  45
3322  13
3323  16
3324  53
3325  12
3326  20
3327  31
3328  20
3329  18
3330  48
3331  29
3332  45
3333  12
3334  17
3335  46
3336  13
3337  28
3338  14
3339  53
3340  21
3341  29
3342  42
3343  16
3344  48
3345  44
3346  29
3347  48
3348  53
3349  16
3350  45
3351  48
3352  19
3353  42
3354  12
3355  45
3356  25
3357  21
3358  19
3359  24
3360  44
3361  19
3362  50
3363  53
3364  47
3365  30
3366  31
3367  19
3368  14
3369  30
3370  16
3371  18
3372  12
3373  21
3374  15
3375  13
3376  13
3377  31
3378  45
3379  30
3380  25
3381  48
3382  12
3383  18
3384  47
3385  31
3386  44
3387  53
3388  16
3389  15
3390  28
3391  48
3392  15
3393  21
3394  26
3395  31
3396  45
3397  48
3398  14
3399  45
3400  34
3401  13
3402  18
3403  38
3404  22
3405  16
3406  45
3407  12
3408  13
3409  20
3410  18
3411  44
3412  30
3413  12
3414  22
3415  30
3416  48
3417  53
3418  17
3419  48
3420  20
3421  25
3422  39
3423  12
3424  16
3425  15
3426  53
3427  14
3428  12
3429  15
3430  23
3431  22
3432  12
3433  49
3434  48
3435  47
3436  14
3437  40
3438  34
3439  16
3440  37
3441  18
3442  30
3443  28
3444  16
3445  20
3446  19
3447  17
3448  40
3449  40
3450  32
3451  15
3452  28
3453  15
3454  20
3455  30
3456  40
3457  20
3458  28
3459  23
3460  28
3461  21
3462  32
3463  30
3464  28
3465  25
3466  28
3467  17
3468  27
3469  28
3470  23
3471  34
3472  23
3473  20
3474  28
3475  38
3476  24
3477  17
3478  22
3479  17
3480  38
3481  17
3482  20
3483  21
3484  27
3485  29
3486  30
3487  16
3488  40
3489  16
3490  19
3491  35
3492  20
3493  27
3494  17
3495  40
3496  24
3497  34
3498  29
3499  26
3500  22
3501  40
3502  17
3503  25
3504  16
3505  24
3506  30
3507  21
3508  23
3509  30
3510  28
3511  26
3512  24
3513  16
3514  40
3515  22
3516  17
3517  28
3518  40
3519  25
3520  20
3521  30
3522  18
3523  17
3524  23
3525  38
3526  29
3527  37
3528  40
3529  28
3530  16
3531  19
3532  23
3533  24
3534  27
3535  25
3536  18
3537  15
3538  20
3539  17
3540  38
3541  20
3542  39
3543  21
3544  16
3545  40
3546  19
3547  20
3548  18
3549  19
3550  26
3551  16
3552  20
3553  29
3554  28
3555  26
3556  24
3557  40
3558  29
3559  32
3560  17
3561  25
3562  17
3563  27
3564  26
3565  16
3566  18
3567  20
3568  28
3569  30
3570  15
3571  25
3572  22
3573  30
3574  29
3575  16
3576  40
3577  40
3578  39
3579  25
3580  17
3581  15
3582  16
3583  21
3584  29
3585  17
3586  40
3587  22
3588  16
3589  15
3590  30
3591  30
3592  20
3593  30
3594  17
3595  20
3596  40
3597  17
3598  20
3599  30
3600  19
3601  27
3602  26
3603  23
3604  40
3605  40
3606  16
3607  20
3608  29
3609  38
3610  18
3611  40
3612  25
3613  17
3614  22
3615  27
3616  17
3617  28
3618  33
3619  15
3620  26
3621  21
3622  23
3623  27
3624  19
3625  39
3626  15
3627  32
3628  20
3629  30
3630  25
3631  22
3632  18
3633  40
3634  28
3635  39
3636  30
3637  16
3638  17
3639  17
3640  40
3641  20
3642  34
3643  29
3644  21
3645  26
3646  26
3647  17
3648  26
3649  17
3650  15
3651  40
3652  17
3653  16
3654  26
3655  22
3656  33
3657  20
3658  28
3659  16
3660  16
3661  17
3662  19
3663  25
3664  21
3665  17
3666  23
3667  30
3668  25
3669  17
3670  36
3671  20
3672  40
3673  16
3674  40
3675  25
3676  16
3677  40
3678  17
3679  17
3680  30
3681  23
3682  18
3683  27
3684  40
3685  23
3686  18
3687  40
3688  15
3689  16
3690  26
3691  17
3692  40
3693  38
3694  16
3695  17
3696  22
3697  35
3698  23
3699  15
3700  17
3701  25
3702  40
3703  29
3704  16
3705  30
3706  30
3707  31
3708  25
3709  15
3710  30
3711  29
3712  22
3713  30
3714  30
3715  26
3716  16
3717  17
3718  29
3719  26
3720  16
3721  40
3722  30
3723  16
3724  18
3725  20
3726  26
3727  15
3728  30
3729  15
3730  38
3731  40
3732  15
3733  16
3734  40
3735  28
3736  26
3737  40
3738  28
3739  20
3740  30
3741  31
3742  16
3743  20
3744  17
3745  16
3746  15
3747  22
3748  15
3749  16
3750  38
3751  15
3752  27
3753  29
3754  20
3755  22
3756  40
3757  25
3758  29
3759  25
3760  27
3761  28
3762  29
3763  23
3764  26
3765  19
3766  22
3767  21
3768  28
3769  24
3770  21
3771  17
3772  17
3773  24
3774  25
3775  15
3776  22
3777  23
3778  22
3779  24
3780  27
3781  16
3782  28
3783  22
3784  25
3785  30
3786  28
3787  15
3788  28
3789  16
3790  40
3791  22
3792  24
3793  30
3794  30
3795  18
3796  23
3797  40
3798  15
3799  17
3800  40
3801  16
3802  28
3803  26
3804  40
3805  17
3806  17
3807  15
3808  15
3809  22
3810  29
3811  16
3812  17
3813  17
3814  19
3815  27
3816  16
3817  22
3818  26
3819  20
3820  15
3821  26
3822  30
3823  22
3824  40
3825  26
3826  30
3827  20
3828  39
3829  28
3830  40
3831  32
3832  27
3833  30
3834  20
3835  30
3836  25
3837  25
3838  40
3839  17
3840  22
3841  40
3842  38
3843  21
3844  16
3845  33
3846  15
3847  17
3848  17
3849  16
3850  24
3851  40
3852  33
3853  15
3854  16
3855  25
3856  15
3857  20
3858  40
3859  19
3860  40
3861  19
3862  29
3863  19
3864  17
3865  18
3866  26
3867  30
3868  20
3869  30
3870  29
3871  20
3872  21
3873  40
3874  20
3875  15
3876  21
3877  40
3878  20
3879  16
3880  21
3881  26
3882  16
3883  17
3884  40
3885  15
3886  37
3887  16
3888  17
3889  33
3890  18
3891  29
3892  20
3893  19
3894  17
3895  24
3896  29
3897  15
3898  17
3899  20
3900  30
3901  18
3902  40
3903  27
3904  18
3905  19
3906  30
3907  30
3908  17
3909  29
3910  17
3911  17
3912  20
3913  34
3914  21
3915  28
3916  16
3917  20
3918  25
3919  17
3920  22
3921  30
3922  15
3923  16
3924  30
3925  15
3926  40
3927  26
3928  17
3929  24
3930  40
3931  28
3932  16
3933  22
3934  21
3935  15
3936  19
3937  25
3938  40
3939  17
3940  22
3941  18
3942  15
3943  40
3944  25
3945  28
3946  16
3947  29
3948  40
3949  17
3950  18
3951  30
3952  16
3953  15
3954  16
3955  17
3956  28
3957  25
3958  20
3959  15
3960  22
3961  16
3962  40
3963  17
3964  22
3965  17
3966  40
3967  22
3968  40
3969  29
3970  19
3971  40
3972  28
3973  21
3974  15
3975  25
3976  28
3977  18
3978  17
3979  16
3980  9
3981  9
3982  9
3983  5
3984  4
3985  7
3986  9
3987  4
3988  8
3989  5
3990  4
3991  5
3992  6
3993  7
3994  9
3995  8
3996  5
3997  9
3998  9
3999  5
4000  9
4001  4
4002  8
4003  8
4004  8
4005  5
4006  5
4007  4
4008  4
4009  9
4010  4
4011  5
4012  4
4013  8
4014  9
4015  4
4016  4
4017  9
4018  9
4019  9
4020  8
4021  9
4022  4
4023  9
4024  4
4025  4
4026  9
4027  7
4028  4
4029  4
4030  9
4031  8
4032  5
4033  6
4034  5
4035  4
4036  4
4037  7
4038  8
